Sample	richness	shannon	simpson	invsimpson
PU0002_V1	3	0.613400374008491	0.33098034482482	1.49472439600919
PU0002_V2	3	0.534822459477898	0.30467116231134	1.43816845468986
PU0004_V1	4	0.737335312109804	0.419730242051407	1.72333640742414
PU0004_V2	4	0.574169588831593	0.28887050086746	1.4062136379096
PU0005_V1	5	0.551708049486425	0.274717223718102	1.37877257354217
PU0005_V2	4	0.53188102096904	0.263694695105336	1.35813227658744
PU0006_V1	4	0.785921231959081	0.43619813160966	1.77367273161937
PU0006_V2	5	0.964444969974947	0.51745802246116	2.07235856474168
PU0008_V1	4	1.03485906940273	0.5931165180867	2.45770606193614
PU0008_V2	5	0.942985116928014	0.53794632610174	2.16425072776327
PU0009_V1	5	0.773418884004162	0.422248165194149	1.73084694804308
PU0009_V2	5	0.886118230992821	0.508203463602088	2.03336120934146
PU0012_V1	5	0.666281188239889	0.35568139585486	1.55202720139793
PU0012_V2	4	0.810118567777239	0.4451987921702	1.80244740978786
PU0013_V1	6	0.741106773237702	0.34660365864682	1.53046464559169
PU0013_V2	6	0.727154450861211	0.32830072166358	1.48876146253525
PU0014_V1	4	0.668253312373664	0.40676348203294	1.68566831223887
PU0014_V2	3	0.569967666008541	0.36205314479558	1.56752869277734
PU0016_V1	6	0.70064992428929	0.352362679609961	1.54407408053284
PU0016_V2	5	1.01550159333105	0.57181589366366	2.33544399523904
PU0017_V1	5	0.954476024354854	0.530094459062923	2.12808727048806
PU0017_V2	4	0.699684597216951	0.3951941638536	1.65342319837988
PU0020_V1	4	0.823052471850547	0.448595585329218	1.81355094989048
PU0020_V2	5	0.735469976687247	0.37880144984712	1.60979126521447
PU0026_V1	4	0.586612954306034	0.2987471367451	1.42601913289658
PU0026_V2	5	0.516208054534011	0.27878865598438	1.38655611603683
PU0035_V1	6	0.867969958049934	0.52937791941102	2.12484717833151
PU0035_V2	6	1.053703810636	0.589598814891411	2.43664013722428
PU0036_V1	4	0.685890273578472	0.365053458811265	1.5749357388857
PU0036_V2	4	0.791871850933606	0.44723567185217	1.80908924306086
PU0039_V1	5	0.571439032132989	0.3099401790721	1.44914972538951
PU0039_V2	4	0.741647096059085	0.48248091965554	1.93229590556236
PU0041_V1	5	0.868692748207148	0.51234856996002	2.05064506817506
PU0041_V2	4	0.941227028032977	0.5784844151315	2.37239152215919
PU0042_V1	4	0.623003505203755	0.34599318725446	1.52903605973456
PU0042_V2	4	0.641326736442685	0.35468823954706	1.54963857980537
PU0043_V1	3	0.634701942180455	0.40475024778674	1.6799670999976
PU0043_V2	4	0.764772045852073	0.5124435807748	2.05104468030418
PU0044_V1	6	0.591482265305716	0.28113497090872	1.39108171844735
PU0044_V2	3	0.739936576739646	0.48524592066094	1.94267523102292
PU0045_V1	4	0.620036814321397	0.33231513376161	1.4977125445928
PU0045_V2	4	0.953363730280749	0.5674639668407	2.3119461116242
PU0046_V1	4	0.589436105928165	0.340323723729181	1.51589504726932
PU0046_V2	3	0.854804572474312	0.50982869049594	2.04010308357657
PU0047_V1	6	1.13167589362489	0.60411663116154	2.52599648965817
PU0047_V2	6	1.33172411690047	0.665570151695084	2.99016372213359
PU0048_V1	4	0.700654802015421	0.38363642611386	1.62241904351202
PU0048_V2	5	0.691023686887305	0.35269314183768	1.54486235915832
PU0050_V1	5	0.70533582790681	0.376195042131808	1.60306516866654
PU0050_V2	5	0.429431058230949	0.197863579633134	1.24667073406621
PU0052_V1	6	0.731775105864955	0.36273811677138	1.56921357815033
PU0052_V2	6	1.07109411060654	0.591766282467811	2.44957718349453
PU0053_V1	5	0.868475040909303	0.54119857645641	2.17959219105385
PU0053_V2	4	0.822107247492836	0.520273372410629	2.0845205216667
PU0057_V1	6	0.698930974351361	0.369551380851572	1.5861720838579
PU0057_V2	6	0.499975896508785	0.240306980599734	1.31632116455334
PU0060_V1	6	0.925029092674388	0.51507692389478	2.06218274459477
PU0060_V2	5	0.890605352186095	0.53754307160184	2.16236353829482
PU0065_V1	5	1.19290973451844	0.641096107851195	2.78626123002698
PU0065_V2	5	0.918693646961684	0.49215892677863	1.96911997223213
PU0066_V1	6	1.06254226183185	0.595489855182605	2.47212588562253
PU0066_V2	6	0.972190191613514	0.55898449089418	2.26749395282617
PU0067_V1	5	0.871743621165338	0.494251579119451	1.9772676665187
PU0067_V2	4	0.942821151774588	0.5462097711991	2.2036613759675
PU0068_V1	3	0.410934087514065	0.22265349940462	1.28642760883864
PU0068_V2	3	0.727077751649493	0.40873360492416	1.69128502537631
PU0070_V1	4	0.622426963342643	0.347133209335535	1.53170602992723
PU0070_V2	4	0.708006969836093	0.408337916889213	1.69015393844792
PU0071_V1	5	0.78907150446218	0.45001589534146	1.81823436628383
PU0071_V2	5	0.838940436011578	0.477602790450433	1.91425218534809
PU0072_V1	6	0.720567485805225	0.38499636268026	1.62600664340478
PU0072_V2	5	0.928175282931802	0.545531183619431	2.20037099126865
PU0073_V1	4	0.606863880894525	0.316465182724333	1.46298326687389
PU0073_V2	6	1.04519389020057	0.58117007548838	2.38760399263748
PU0074_V1	5	0.544423523048077	0.3047835692583	1.43840098677348
PU0074_V2	5	0.995700326390859	0.51667226090534	2.06898946431905
PU0075_V1	4	0.468733067344754	0.22561202446936	1.29134236532374
PU0075_V2	4	0.758009295117945	0.44311289580264	1.79569609793945
PU0078_V1	5	0.64639997729282	0.3429893539466	1.52204535193897
PU0078_V2	5	0.566734132005774	0.28760484403546	1.4037153279714
PU0079_V1	4	0.616783200950019	0.32307890894088	1.47727706110529
PU0079_V2	4	0.882365601154744	0.51670801951354	2.06914254814128
PU0080_V1	6	0.962904513806329	0.56329880257068	2.28989525535214
PU0080_V2	5	1.0864045901335	0.584331302973235	2.40576210610252
PU0082_V1	6	0.997102171294306	0.535908804521294	2.15474891517498
PU0082_V2	6	1.29901293189187	0.659923954099284	2.94051878117857
PU0083_V1	5	0.629837916275023	0.3331572364119	1.49960388655831
PU0083_V2	6	0.669848290697724	0.35666727256234	1.55440560902741
PU0084_V1	5	0.722694038528926	0.47061436675288	1.88898212795509
PU0084_V2	5	0.879667761602217	0.543147309469036	2.18888937446725
PU0085_V1	4	0.8458810251886	0.537931806204333	2.16418271897376
PU0085_V2	3	0.896068470780876	0.55767689956166	2.26079080882053
PU0086_V1	3	0.886802088515366	0.53327150952078	2.14257329560755
PU0086_V2	3	0.863147089214207	0.54855844947182	2.21512618594814
PU0089_V1	3	0.632383696782538	0.43866235588054	1.78145900328606
PU0089_V2	3	0.686356386274855	0.48115016636914	1.92733992608632
PU0091_V1	7	0.711293203903666	0.373059934383483	1.59504880106303
PU0091_V2	7	0.756483688518295	0.41739281347958	1.71642235649792
PU0094_V1	5	0.942525395716243	0.54783312218742	2.21157287070127
PU0094_V2	4	0.679835409794985	0.36120773501422	1.56545414654052
PU0097_V1	4	0.847877271676072	0.511630657150686	2.04763057845863
PU0097_V2	4	0.726045887187631	0.45022332229166	1.81892037357486
PU0098_V1	4	0.777658683613004	0.43748593058674	1.77773331259619
PU0098_V2	5	0.731357797596791	0.37713244951764	1.60547776044134
PU0099_V1	5	0.858192759577144	0.4781004262675	1.9160774415818
PU0099_V2	5	0.928543134487487	0.550397763169047	2.22418822256881
PU0100_V1	5	0.612902532962237	0.35104235410898	1.54093261144492
PU0100_V2	5	0.737284620922252	0.40182916311558	1.67176321267769
PU0102_V1	3	0.653164614735422	0.351092872540902	1.541052575452
PU0102_V2	4	0.876798299019664	0.53117992882974	2.13301447931574
PU0103_V1	5	0.810046547974647	0.513188951404965	2.05418509478381
PU0103_V2	6	0.782633998219208	0.419097594078897	1.72145955982806
PU0104_V1	4	0.463181844152434	0.227512156421106	1.29451875302925
PU0104_V2	4	0.956860503943666	0.56790150963718	2.31428718753526
PU0105_V1	6	0.819961161092908	0.408391567598422	1.69030721205341
PU0105_V2	7	0.92288522725102	0.526183105755094	2.11051993321943
PU0106_V1	6	0.792864844939024	0.44201583346362	1.79216554872404
PU0106_V2	5	0.694029357894524	0.393390007254175	1.64850564936046
PU0107_V1	5	0.75338125509782	0.44731918429674	1.80936260421406
PU0107_V2	4	0.736520881149655	0.412871261814324	1.70320397378293
PU0108_V1	5	0.688998311202022	0.407012005677737	1.68637478258378
PU0108_V2	5	0.816891749888456	0.417643197431296	1.71716033124216
PU0109_V1	4	0.261108086658003	0.111010157024187	1.12487224449336
PU0109_V2	5	0.786441737369127	0.43858020118474	1.78119831561027
PU0112_V1	6	0.343145652817186	0.145393714287436	1.17012946981335
PU0112_V2	5	0.774685105605818	0.43614257338025	1.77349796737602
PU0116_V1	4	0.769626519072365	0.47175599981786	1.89306456799357
PU0116_V2	4	0.779138360674743	0.49339804282552	1.97393631397991
PU0117_V1	4	0.619385615158066	0.306149259109369	1.4412321571011
PU0117_V2	3	0.802896646431015	0.471063212704038	1.89058508316696
PU0118_V1	4	0.995556960983425	0.59679255650518	2.48011294467297
PU0118_V2	4	1.00515422078911	0.600292737095727	2.50183094681342
PU0119_V1	4	0.729774189605139	0.475052234549542	1.90495143672418
PU0119_V2	3	0.40318783701957	0.218605518310781	1.27976332497025
PU0120_V1	5	0.733532641106178	0.36397054862566	1.57225423734575
PU0120_V2	5	0.963644145201328	0.54302554201354	2.1883061132262
PU0122_V1	8	0.736704111277051	0.371921510921774	1.59215769587589
PU0122_V2	5	0.95290300675294	0.57344726645586	2.34437602050092
PU0123_V1	5	0.793580473731545	0.449560815497332	1.8167311269882
PU0123_V2	5	1.08780452939389	0.58841556874696	2.4296351466832
PU0125_V1	5	0.499861152296295	0.241469307745216	1.31833821651624
PU0125_V2	4	0.769367915248986	0.46830763426714	1.88078683172674
PU0126_V1	5	0.995910489618404	0.604555615770937	2.52880060984946
PU0126_V2	5	0.876765001698919	0.508690353385778	2.03537627826226
PU0127_V1	5	0.734410155211306	0.4099686864577	1.69482530341724
PU0127_V2	5	0.710782084583052	0.364427637702384	1.57338496655985
PU0128_V1	4	0.812498870588399	0.510676865757788	2.04363932547078
PU0128_V2	4	0.560102783361007	0.28499436469494	1.39859037554766
PU0129_V1	4	0.909807386377727	0.5560692684159	2.25260368083023
PU0129_V2	5	0.924239151911628	0.49593268039326	1.98386199839373
PU0130_V1	5	0.919107915773618	0.489280703197996	1.9580227460794
PU0130_V2	6	0.971232957560891	0.577321977982299	2.36586703805035
PU0131_V1	4	0.366362119230937	0.16091631042402	1.19177623450807
PU0131_V2	6	0.775096633109371	0.36813455170936	1.58261541710385
PU0134_V1	6	0.85439051660764	0.462166810893893	1.85931255313943
PU0134_V2	5	0.732998367725268	0.405631419586432	1.6824577088247
PU0135_V1	6	0.889259516724563	0.44703142302804	1.80842102362483
PU0135_V2	7	0.664649043573177	0.323727247486046	1.47869331757436
PU0136_V1	4	0.817984731613612	0.47377297131382	1.90032048049048
PU0136_V2	4	0.681423502377998	0.38937286197634	1.63766059143158
PU0138_V1	6	0.793553034527731	0.358673333618763	1.55926776855018
PU0138_V2	6	0.746042685632856	0.35482836772296	1.5499751538527
PU0139_V1	7	0.823174269264095	0.40978359145762	1.69429379720167
PU0139_V2	5	0.843927749615125	0.434113749531866	1.76713959593954
PU0140_V1	4	0.804165337822773	0.50499563292594	2.02018419738585
PU0140_V2	4	0.833245034949008	0.421135275293201	1.72751932760544
PU0141_V1	4	0.717848316941831	0.399255998177976	1.66460255444425
PU0141_V2	4	0.964892438681326	0.551093405990996	2.22763490967999
PU0143_V1	5	1.0997668569382	0.61879317924204	2.62324792093615
PU0143_V2	5	1.1326260310191	0.62244711926388	2.64863559788045
PU0144_V1	6	0.784732117978127	0.42655399814964	1.74384335538701
PU0144_V2	6	0.68242046218567	0.34733333885004	1.53217570242987
PU0145_V1	6	1.4794962323086	0.75287908904292	4.04660211119762
PU0145_V2	6	0.869626476497404	0.44194451148392	1.79193650197598
PU0146_V1	5	0.871192223904519	0.5334146877797	2.14323077432803
PU0146_V2	5	0.889573922146307	0.531433257373083	2.13416768418885
PU0147_V1	7	0.715862732253565	0.36928395819372	1.58549954926807
PU0147_V2	7	1.10176595843102	0.51368228156408	2.05626890012597
PU0148_V1	7	0.596691503875195	0.269176849495787	1.36832009126979
PU0148_V2	6	0.947140239394341	0.486807006344594	1.94858466963302
PU0150_V1	5	0.630459862553612	0.33635453702726	1.50682865444539
PU0150_V2	4	1.01626578798942	0.58977107753628	2.43766332708645
PU0152_V1	3	0.815732012844867	0.480084099510095	1.92338799228437
PU0152_V2	4	0.891705786159034	0.53020362782578	2.12858178400143
PU0153_V1	6	0.504902284659429	0.20876131194514	1.26384113301935
PU0153_V2	6	0.929847087953248	0.476781560941983	1.91124762690008
PU0155_V1	4	0.866254682931507	0.54607751253832	2.20301929871765
PU0155_V2	4	0.997989081376496	0.58920074046106	2.43427897392597
PU0157_V1	5	0.627889018051544	0.331057723616421	1.4948972957819
PU0157_V2	4	0.740640355767488	0.43849699155964	1.78093435826393
PU0158_V1	6	0.813092272159599	0.430587815298553	1.75619705174437
PU0158_V2	7	1.00053142786662	0.544766452906305	2.19667466596916
PU0160_V1	5	0.894440525300172	0.50783294555866	2.03183043435344
PU0160_V2	4	0.849774644234494	0.4899560614543	1.96061539884451
PU0161_V1	4	0.657086636870047	0.34793305260144	1.53358486270394
PU0161_V2	5	1.0007340037223	0.57344282085252	2.34435158727983
PU0163_V1	6	0.957991343770683	0.487100977533731	1.94970151276856
PU0163_V2	6	0.994127508365241	0.52050865097636	2.08554336180672
PU0166_V1	4	0.867114125552836	0.51631235203726	2.06744994256507
PU0166_V2	4	0.903326220688466	0.550518632228561	2.22478632419865
PU0169_V1	5	0.687976398135807	0.347463036574084	1.53248023644492
PU0169_V2	5	0.747874268041546	0.38859432880694	1.63557527696572
PU0170_V1	4	0.918992259258288	0.5309828766687	2.13211831776476
PU0170_V2	4	0.993692064189928	0.57682610598216	2.36309473277159
PU0171_V1	6	0.762296449499641	0.38259648275164	1.61968627010224
PU0171_V2	5	0.714828844699745	0.459745757625904	1.85098037473171
PU0173_V1	6	0.708478906747915	0.373393652095046	1.59589829139695
PU0173_V2	5	0.880285525932663	0.47444611461204	1.90275446115636
PU0175_V1	8	0.785364079521127	0.487758758409783	1.95220516976644
PU0175_V2	8	1.04485059402755	0.5754207281212	2.35527277526977
PU0177_V1	5	0.649420043188574	0.32949346665883	1.49140977794347
PU0177_V2	4	0.811408131540223	0.449619966215169	1.81692637562311
PU0188_V1	4	0.715877426046691	0.40290589653296	1.67477788541786
PU0188_V2	4	0.7593420615869	0.4143614585635	1.70753789111475
PU0191_V1	6	0.727072872768414	0.363328873913871	1.57066962679366
PU0191_V2	6	0.756831120713627	0.37400378464308	1.597453747272
PU0194_V1	6	0.522590197597608	0.26438073741599	1.35939887773914
PU0194_V2	6	0.593933602634591	0.28739708708474	1.40330607955137
PU0196_V1	7	0.740968163958993	0.37624196313262	1.60318575616624
PU0196_V2	6	1.14284231777597	0.59408321880451	2.46355914888475
PU0197_V1	4	0.862224395707467	0.47918954388306	1.92008433827501
PU0197_V2	4	0.919823680298156	0.55291178807418	2.23669507118635
PU0198_V1	6	0.787622638729043	0.43140730059766	1.75872817405345
PU0198_V2	5	0.742063165140877	0.39875654430046	1.66321976650292
PU0203_V1	5	0.82249346020698	0.47177644230846	1.89313783044859
PU0203_V2	4	0.725613447410698	0.35289142057738	1.5453357161363
PU0204_V1	4	0.484324340677889	0.228668800364358	1.29645993896315
PU0204_V2	5	0.664719228838299	0.36199143935478	1.56737708815176
PU0206_V1	4	0.775010422168012	0.43106674909458	1.75767543628108
PU0206_V2	4	0.881831001123512	0.53990398793894	2.17345939496491
PU0207_V1	5	0.634232621312875	0.35567199259314	1.55200455126041
PU0207_V2	4	0.857130459945584	0.45147793068026	1.82308070346225
PU0208_V1	4	0.61674062631345	0.34859727142252	1.5351486202457
PU0208_V2	4	0.803489874501656	0.457058761168088	1.84181994013092
PU0209_V1	4	0.920220140687469	0.532828883160378	2.14054329121399
PU0209_V2	4	0.968633988676976	0.56932907567802	2.32195846881081
PU0210_V1	6	1.26057830223583	0.662377798842893	2.96189052903742
PU0210_V2	6	1.02091922716763	0.56776848055487	2.31357491300897
PU0217_V1	5	0.705803995310685	0.358720062165549	1.55938138869105
PU0217_V2	6	0.987631399859154	0.586654763428422	2.41928516775548
PU0219_V1	5	0.658379373940635	0.35985673589836	1.56215031240448
PU0219_V2	5	0.917309169702385	0.515164035396742	2.06255326132479
