Sample	richness	shannon	simpson	invsimpson
PU0002_V1	48	3.03773971840738	0.9374382509786	15.9842078529158
PU0002_V2	64	2.84220241829251	0.899658962563799	9.96601216761204
PU0004_V1	57	2.77254540799145	0.865690205133143	7.44547336247006
PU0004_V2	59	2.66836046539497	0.82758295220694	5.79989051430825
PU0005_V1	72	3.22186290314148	0.937586943988765	16.0222886669737
PU0005_V2	55	2.53272691232508	0.802680393743993	5.0679201067459
PU0006_V1	70	3.10428704314913	0.926706064817737	13.6436936768814
PU0006_V2	66	2.87877336576567	0.909411501712079	11.0389289909814
PU0008_V1	63	3.24118937353626	0.941612866583635	17.1270610747217
PU0008_V2	55	3.2501599472044	0.945767352408663	18.4390776481239
PU0009_V1	74	3.34958949015082	0.94511877284012	18.221166904428
PU0009_V2	73	3.36136267985393	0.935926997430314	15.6071974138
PU0012_V1	84	3.30829721327216	0.950723434569	20.293622155957
PU0012_V2	73	3.15426737636087	0.935642284104616	15.538152435763
PU0013_V1	87	3.22176826353491	0.918066052196791	12.204953219169
PU0013_V2	65	3.08736710600432	0.923740789569904	13.1131701254193
PU0014_V1	60	2.94769928288434	0.884545807499382	8.66144380157216
PU0014_V2	75	3.21737844279528	0.942819143108295	17.4883703106076
PU0016_V1	66	2.90582979919319	0.867453675348761	7.54453209194022
PU0016_V2	65	3.09131032010785	0.928127460465533	13.9135197737161
PU0017_V1	61	3.10697447465911	0.932944208195831	14.912954915519
PU0017_V2	56	3.01313211843312	0.926678386058825	13.6385432104957
PU0020_V1	58	3.01116611477447	0.926285595318581	13.5658695789762
PU0020_V2	59	2.96421243208905	0.922585598246811	12.9174930937034
PU0026_V1	58	2.60373380228243	0.858352202202251	7.05976383358846
PU0026_V2	48	2.8081852241221	0.906898903554736	10.7410120630311
PU0035_V1	58	2.68592574993829	0.853789834153872	6.83946970590543
PU0035_V2	64	2.84294472308148	0.89764772194492	9.77017824128798
PU0036_V1	59	2.97190822823625	0.905313457570741	10.5611629102109
PU0036_V2	55	2.77658704793298	0.886540026710506	8.81368090444099
PU0039_V1	68	2.63055896906789	0.822813058748915	5.64375677428135
PU0039_V2	57	3.08566619451627	0.92782189312028	13.8546166314175
PU0041_V1	61	2.97956973029049	0.910295042619493	11.1476559289609
PU0041_V2	58	2.96391022778689	0.89308096221172	9.35287130043379
PU0042_V1	60	2.62375453734154	0.834857332015025	6.05537025773971
PU0042_V2	53	2.59464244658046	0.825854714788995	5.74233174781813
PU0043_V1	55	2.88478857201129	0.915490869315736	11.8330409022442
PU0043_V2	77	3.33700036496083	0.948072492112019	19.2576158701324
PU0044_V1	82	2.83612670728333	0.891070045953366	9.180211345466
PU0044_V2	49	2.97652817988696	0.927602922337583	13.8127122293933
PU0045_V1	56	2.77702626313207	0.886606142436122	8.8188198327821
PU0045_V2	53	2.57152793610342	0.850318170913941	6.68083765481682
PU0046_V1	60	3.07876504941775	0.92795795320332	13.880782743753
PU0046_V2	55	3.00345769069001	0.916451251011321	11.9690601248321
PU0047_V1	61	3.05136977650774	0.920171937026258	12.5269230236607
PU0047_V2	56	3.23852684606422	0.948043047012201	19.2467021735249
PU0048_V1	67	3.07940258784244	0.934382946669841	15.2399406746963
PU0048_V2	74	3.08297516821273	0.915917041573293	11.8930163580254
PU0050_V1	80	2.98414879125129	0.921276569775117	12.7026985122901
PU0050_V2	57	2.75366729266447	0.893421020634494	9.38271323250862
PU0052_V1	73	2.96738102173966	0.900715196546712	10.0720348453979
PU0052_V2	59	2.77433611265817	0.843411935157732	6.38618275924993
PU0053_V1	49	2.78853515592156	0.89047058526481	9.12996752897575
PU0053_V2	42	2.84310730336748	0.90941869375763	11.0398054685177
PU0057_V1	62	2.84934274839271	0.871444078930741	7.77871599909626
PU0057_V2	60	2.46454370624336	0.814881745324709	5.40195239931396
PU0060_V1	62	3.20341093680885	0.9353706914355	15.4728562352172
PU0060_V2	60	3.08765414291296	0.92481225348518	13.3000395191109
PU0065_V1	62	2.99047789024239	0.926834620585569	13.6676664291686
PU0065_V2	56	3.18675986598824	0.94126291647418	17.0250196293865
PU0066_V1	73	3.21544214590142	0.941517180183755	17.0990387115742
PU0066_V2	68	3.48150194388275	0.958121621997355	23.8786707531232
PU0067_V1	59	3.2463401238393	0.94548384926732	18.3431879646731
PU0067_V2	52	3.20304825522608	0.944523321136594	18.0255923838228
PU0068_V1	55	2.42462936006931	0.835445253986743	6.07700491312134
PU0068_V2	31	2.15503141550232	0.756865054211202	4.1129422870732
PU0070_V1	67	3.22052736869901	0.943415917433354	17.6728145909617
PU0070_V2	56	3.15851529011516	0.941587698148041	17.1196814420089
PU0071_V1	69	3.21673083504388	0.934455288444107	15.2567610149182
PU0071_V2	62	3.1619413822252	0.929162947808244	14.1169058996554
PU0072_V1	71	3.06823169208196	0.92229012159157	12.8683768457874
PU0072_V2	65	3.21858304875868	0.933906944032662	15.1301825186323
PU0073_V1	56	3.1109006733798	0.936973890476529	15.8664402350203
PU0073_V2	65	3.1549017966341	0.935250362331248	15.4441018668836
PU0074_V1	72	2.98847174784749	0.918730005755046	12.3046643387954
PU0074_V2	82	3.33151228778644	0.945137994557012	18.227550960367
PU0075_V1	46	2.76965160202937	0.9005099965876	10.0512610885624
PU0075_V2	70	2.97414694125857	0.917058736569219	12.0567249477042
PU0078_V1	72	3.01886174571365	0.909845702472305	11.0920946357859
PU0078_V2	62	2.89721495831203	0.908388937875543	10.9157123256738
PU0079_V1	62	2.51196837696997	0.81514188648002	5.40955428441023
PU0079_V2	75	2.93581417709484	0.904299025837593	10.4492144280891
PU0080_V1	79	2.85749775517263	0.901731474855194	10.1761983150396
PU0080_V2	75	3.40368846742061	0.95465944459766	22.0553098903677
PU0082_V1	88	3.53410615796311	0.95388073572932	21.6829131126392
PU0082_V2	70	3.35512490761125	0.948116949726264	19.2741173605636
PU0083_V1	72	3.29361681998437	0.944072006927565	17.8801338125052
PU0083_V2	74	2.9945551423291	0.900482689544433	10.0485030737088
PU0084_V1	70	3.37920071432704	0.95314772865266	21.3436824137401
PU0084_V2	55	3.17884599052786	0.934043444042765	15.1614951006293
PU0085_V1	73	2.50080264776611	0.821345357630003	5.59739163076985
PU0085_V2	52	2.79616388390542	0.895835015639688	9.60015504385762
PU0086_V1	60	3.01449602563821	0.921042337117858	12.6650151929228
PU0086_V2	47	2.74012225709359	0.88706890854976	8.85495736522322
PU0089_V1	56	2.91100361737594	0.91343706002262	11.5522878527614
PU0089_V2	45	2.82096355752148	0.895592774894474	9.57788121453555
PU0091_V1	71	3.03039769552954	0.90753927871232	10.8154034066923
PU0091_V2	70	3.01754096208869	0.903749375375184	10.3895429655443
PU0094_V1	73	3.00333250384969	0.908419148652729	10.9193132110996
PU0094_V2	66	2.6821142047948	0.849234564863344	6.63282004322535
PU0097_V1	65	3.34814070893905	0.950327010548528	20.1316653385027
PU0097_V2	66	2.83423105558008	0.87327489591383	7.89109630022499
PU0098_V1	65	3.19662743821543	0.939444803083251	16.5138592708203
PU0098_V2	65	3.099751445462	0.936787994436252	15.8197796618162
PU0099_V1	78	2.94083626402465	0.913427089369958	11.5509573690247
PU0099_V2	54	2.44055211820271	0.860195501189012	7.15284564162682
PU0100_V1	55	2.87766447779497	0.90540905531168	10.5718364828159
PU0100_V2	61	3.15954265594354	0.932391001429343	14.7909305143001
PU0102_V1	68	3.06383618629045	0.917610013617018	12.1373973209753
PU0102_V2	60	2.89210498404713	0.9048416113262	10.5087950094234
PU0103_V1	76	3.18881393702658	0.935049767340975	15.3964036626288
PU0103_V2	82	3.1270713234533	0.931181817137687	14.5310433726613
PU0104_V1	75	3.05172061572595	0.924603297161326	13.2631794541427
PU0104_V2	51	2.75903499538126	0.890920846413844	9.16765456206211
PU0105_V1	82	3.06143464343938	0.911372837721059	11.283222595491
PU0105_V2	79	2.98476049844137	0.897805372392908	9.78525019773742
PU0106_V1	64	3.05545481257216	0.93254984741142	14.8257633470396
PU0106_V2	63	3.06553951843239	0.930642131836117	14.4179748667756
PU0107_V1	67	3.22208869237705	0.940286920926886	16.7467498833142
PU0107_V2	69	3.0829988404655	0.927266714643468	13.7488633312532
PU0108_V1	70	2.89014717780812	0.906992211244919	10.751787709235
PU0108_V2	65	3.11924994726741	0.923698380386371	13.1058816977114
PU0109_V1	52	2.06922237349574	0.732837166830299	3.74303561665258
PU0109_V2	73	3.41645500939674	0.95127234312632	20.5222262706448
PU0112_V1	68	2.65024958635897	0.87524988987206	8.01602498766879
PU0112_V2	66	2.77186865428711	0.91234433219408	11.4082754148211
PU0116_V1	62	2.77194830701633	0.893993454384343	9.43337974265899
PU0116_V2	47	2.79422020701334	0.893073382285675	9.35220828429913
PU0117_V1	70	2.98976142705671	0.920851697798322	12.6345098022684
PU0117_V2	58	2.99981540798327	0.92602084716149	13.5173215917044
PU0118_V1	51	2.39777673174681	0.8437196567197	6.39875738055188
PU0118_V2	56	2.25779309716711	0.760057791937091	4.16767024056816
PU0119_V1	70	3.16388019543211	0.934730389646969	15.3210658772311
PU0119_V2	39	2.86830890501186	0.913990543027341	11.6266284568903
PU0120_V1	74	2.8279988636107	0.874038041225609	7.93890480689559
PU0120_V2	51	3.129394933449	0.935514277867243	15.5073087022471
PU0122_V1	79	3.09974902752471	0.925589365621719	13.4389393176829
PU0122_V2	74	2.48140603252039	0.793186195155573	4.83526716580761
PU0123_V1	61	3.06861905012314	0.934486795420999	15.2640983817868
PU0123_V2	73	3.27388628062131	0.941813160524099	17.1860167867369
PU0125_V1	66	2.93812952449062	0.911691309416133	11.3239138004237
PU0125_V2	61	2.83822301949009	0.8914783950486	9.21475498310071
PU0126_V1	75	3.04478215867126	0.927857626549725	13.8614790749748
PU0126_V2	93	3.34932277352778	0.939920189530882	16.6445265421403
PU0127_V1	69	3.15152905929617	0.930547789826433	14.3983898784633
PU0127_V2	70	3.18507518345562	0.935759395620002	15.5664787037925
PU0128_V1	76	3.08803958629272	0.92132929968684	12.7112126372253
PU0128_V2	54	2.69468481602712	0.862504271361706	7.27295320300944
PU0129_V1	71	3.18349501532667	0.921561333526257	12.7488143916208
PU0129_V2	83	3.20587968456209	0.933487706771189	15.0348146403534
PU0130_V1	86	3.19969438575801	0.932325927666805	14.7767079107709
PU0130_V2	80	3.09344686575866	0.915665364225925	11.857524382733
PU0131_V1	64	2.77524014986369	0.905903638888528	10.6274035274897
PU0131_V2	59	2.97553102416177	0.909623385246158	11.0648092177793
PU0134_V1	86	3.07314785867141	0.891640762478347	9.22856253764408
PU0134_V2	70	3.00482360047967	0.922524149262861	12.9072477486283
PU0135_V1	86	3.15944549848772	0.909204365396737	11.01374536749
PU0135_V2	83	3.21006189192144	0.931089374675756	14.5115502187756
PU0136_V1	92	3.07361829873307	0.911427537820388	11.2901908267171
PU0136_V2	68	3.07551084875157	0.93843598480856	16.2432550393341
PU0138_V1	90	2.52610794657447	0.77793960369313	4.50327936287243
PU0138_V2	108	3.20853486980887	0.916191756766083	11.9320004979571
PU0139_V1	88	3.37550122215133	0.945873928250865	18.4753847394436
PU0139_V2	80	3.36858949120848	0.950242785033276	20.0975878707996
PU0140_V1	72	3.22502934999275	0.94245327999793	17.3771850066178
PU0140_V2	59	2.80530690115755	0.90609613429358	10.6491888536984
PU0141_V1	73	3.21225171758194	0.94069575043342	16.8621980264216
PU0141_V2	64	2.94543194363847	0.911941028429875	11.3560263329178
PU0143_V1	94	3.43759874823202	0.952587066992184	21.091291691133
PU0143_V2	92	3.2000254339235	0.93272388808652	14.8641170180293
PU0144_V1	107	3.30290978146927	0.941260304317041	17.0242625259311
PU0144_V2	87	3.1268710502756	0.911386799436244	11.285000357035
PU0145_V1	109	3.26840674370213	0.93494804542606	15.3723282651464
PU0145_V2	63	2.66037533218276	0.831277480508997	5.92689110509237
PU0146_V1	82	2.9429982077899	0.918145570845195	12.2168098944136
PU0146_V2	73	2.71628072212563	0.874757894456543	7.98453519813282
PU0147_V1	88	3.1380290128184	0.93703771308336	15.8825234751078
PU0147_V2	84	3.40944590637991	0.950888790628486	20.3619502104956
PU0148_V1	120	3.10915269395739	0.916361687830613	11.9562431864332
PU0148_V2	85	2.79596294829235	0.897415874467995	9.74809693813696
PU0150_V1	76	3.16561696706667	0.93082579706648	14.4562561994542
PU0150_V2	74	2.63878541315186	0.81193999134464	5.31745163232767
PU0152_V1	68	3.21905813294627	0.942920947856141	17.5195621237657
PU0152_V2	58	2.79981106278111	0.897548623976286	9.76072785755977
PU0153_V1	71	2.19096527305382	0.765660457919226	4.2673122560567
PU0153_V2	57	2.98793922406635	0.92476586558176	13.2918389735278
PU0155_V1	68	2.42595263810049	0.778972143971961	4.52431660864114
PU0155_V2	69	2.95658027796215	0.9180382285486	12.2008099909476
PU0157_V1	83	3.18829304373525	0.940940401833062	16.9320488292757
PU0157_V2	68	2.94944661417517	0.925846889154029	13.4856109014384
PU0158_V1	72	2.75246141341048	0.83492235687988	6.05775549674127
PU0158_V2	69	3.04040498261312	0.925212828494385	13.3712771838807
PU0160_V1	79	3.13917776919099	0.932915854058321	14.9066517276582
PU0160_V2	51	2.89009666490374	0.926018457152686	13.5168849082241
PU0161_V1	65	2.94090652229879	0.913872813539338	11.6107357164946
PU0161_V2	81	3.14652839218155	0.936830827683992	15.8305066116339
PU0163_V1	94	3.54112418071433	0.959299633957057	24.5698035969727
PU0163_V2	63	3.12689145646154	0.936043878375911	15.6357198436397
PU0166_V1	96	3.1831668187921	0.928169601519602	13.9216824792208
PU0166_V2	82	3.11378737646545	0.916727879879603	12.0088211823377
PU0169_V1	70	2.41102647688896	0.79390097877274	4.85203662805039
PU0169_V2	63	2.93176822660177	0.910657385540468	11.1928669879361
PU0170_V1	69	3.43207321120791	0.956425372059777	22.9491345599516
PU0170_V2	77	3.04992142832608	0.921435650843508	12.7284195788105
PU0171_V1	74	3.21665048533428	0.934707385807728	15.3156679721113
PU0171_V2	52	3.06552537910161	0.922253886314709	12.8623792572823
PU0173_V1	81	3.29408254465391	0.93160351112814	14.6206335514311
PU0173_V2	80	3.21262985980207	0.921362108036326	12.7165158555108
PU0175_V1	76	3.28575333234728	0.93865083894052	16.3001413993334
PU0175_V2	76	3.36752783894302	0.9533094113751	21.4175924838673
PU0177_V1	78	3.02324029292062	0.9097862473804	11.0847844254595
PU0177_V2	56	2.9672070233788	0.924287696459885	13.2078929479428
PU0188_V1	73	2.91979651449658	0.890000293467904	9.09093334451958
PU0188_V2	74	3.12979320008895	0.924437652650682	13.2341044856255
PU0191_V1	85	3.28732302682407	0.94092934697764	16.9288800586218
PU0191_V2	87	3.23918308576648	0.940617227643639	16.8399008722414
PU0194_V1	61	3.10220563671812	0.938405895709013	16.2353201091412
PU0194_V2	69	2.87474064494109	0.884497808804795	8.65784440669136
PU0196_V1	77	3.15758706570799	0.930029342770659	14.2917051175085
PU0196_V2	76	3.4086521407176	0.952297485609416	20.9632555594888
PU0197_V1	52	3.07903727851398	0.934341872182739	15.2304068550842
PU0197_V2	48	2.85846391541396	0.896448377727594	9.65701915677742
PU0198_V1	65	3.18219780655875	0.939784019868207	16.6068873712812
PU0198_V2	87	3.33623040174349	0.93877253487224	16.3325396194887
PU0203_V1	84	3.43068732263067	0.955389999367591	22.4164982251422
PU0203_V2	60	3.15828130209297	0.933259911936087	14.9834983592225
PU0204_V1	55	2.74142234059304	0.874000898873221	7.93656455528052
PU0204_V2	62	2.9522989283894	0.920014729398714	12.5023018923676
PU0206_V1	76	3.13483834372921	0.92608957260816	13.529890643149
PU0206_V2	66	3.14783992011202	0.926820238384678	13.6649802886298
PU0207_V1	86	3.39577108844279	0.939818809509189	16.6164875078815
PU0207_V2	63	3.00773453266977	0.921743390972247	12.7784734404395
PU0208_V1	60	2.84354196581689	0.890968910050213	9.1716958939009
PU0208_V2	65	3.16797228501866	0.925115674965446	13.3539295378381
PU0209_V1	75	3.16124712443575	0.925326545899885	13.3916398009297
PU0209_V2	82	3.37351342849004	0.954862028437525	22.1542963802861
PU0210_V1	79	3.35044921977556	0.94909378462656	19.6439667074866
PU0210_V2	69	3.19026331020223	0.930109709969077	14.3081392215937
PU0217_V1	92	3.4358102556666	0.944264421905033	17.9418610908839
PU0217_V2	76	2.9561824285083	0.910390452228581	11.1595251272873
PU0219_V1	77	2.95072350132317	0.9081691374713	10.8895851837117
PU0219_V2	77	3.13150209649047	0.924544330724215	13.2528146605535
