Sample	g__Abiotrophia	g__Absiella	g__Actinobaculum	g__Actinomyces	g__Adlercreutzia	g__Aeriscardovia	g__Agathobaculum	g__Aggregatibacter	g__Akkermansia	g__Alistipes	g__Allisonella	g__Alloscardovia	g__Anaerococcus	g__Anaerofustis	g__Anaerostipes	g__Anaerotruncus	g__Asaccharobacter	g__Atopobium	g__Bacteroides	g__Barnesiella	g__Bifidobacterium	g__Bilophila	g__Blautia	g__Brochothrix	g__Bulleidia	g__Butyricicoccus	g__Butyricimonas	g__Candida	g__Candidatus_Stoquefichus	g__Carnobacterium	g__Catenibacterium	g__Christensenella	g__Citrobacter	g__Clostridiales_Family_XIII_Incertae_Sedis_unclassified	g__Clostridiales_unclassified	g__Clostridioides	g__Clostridium	g__Collinsella	g__Coprobacillus	g__Coprobacter	g__Coprococcus	g__Corynebacterium	g__Cutibacterium	g__Dialister	g__Dielma	g__Dorea	g__Eggerthella	g__Eisenbergiella	g__Enorma	g__Enterobacter	g__Enterococcus	g__Enterorhabdus	g__Erysipelatoclostridium	g__Escherichia	g__Eubacterium	g__Faecalibacterium	g__Faecalicoccus	g__Faecalitalea	g__Finegoldia	g__Firmicutes_unclassified	g__Flavonifractor	g__Fusicatenibacter	g__Fusobacterium	g__Gardnerella	g__Gemella	g__Gemmiger	g__Gordonibacter	g__Granulicatella	g__Haemophilus	g__Hafnia	g__Holdemanella	g__Holdemania	g__Hungatella	g__Intestinibacter	g__Klebsiella	g__Lachnoclostridium	g__Lachnospira	g__Lachnospiraceae_unclassified	g__Lactobacillus	g__Lactococcus	g__Lactonifactor	g__Lawsonibacter	g__Leptotrichia	g__Leuconostoc	g__Lysinibacillus	g__Massiliomicrobiota	g__Megasphaera	g__Methanobrevibacter	g__Mogibacterium	g__Monoglobus	g__Odoribacter	g__Olsenella	g__Oribacterium	g__Oscillibacter	g__Parabacteroides	g__Paraclostridium	g__Parasutterella	g__Parvimonas	g__Pediococcus	g__Peptoniphilus	g__Peptostreptococcus	g__Phascolarctobacterium	g__Prevotella	g__Propionibacterium	g__Proteobacteria_unclassified	g__Pseudopropionibacterium	g__Rhodococcus	g__Romboutsia	g__Roseburia	g__Rothia	g__Ruminococcaceae_unclassified	g__Ruminococcus	g__Ruthenibacterium	g__Saccharomyces	g__Scardovia	g__Sellimonas	g__Sharpea	g__Slackia	g__Solobacterium	g__Staphylococcus	g__Streptococcus	g__Turicibacter	g__Turicimonas	g__Tyzzerella	g__Varibaculum	g__Veillonella	g__Weissella
0055-1FF	0.34136	0	0	3.5881	0	0	0	0	0	0	0	0.00812	0	0	0	0	0	0.03703	0.02498	0	0	0	3.19247	0	0.01206	0	0	0	0	0	0	0	0	0.11311	0	0	0	14.06401	0	0	1.12014	0	0	0	0	0.16251	0	0	0.0034	0	0	0	0.00446	10.05777	0.00227	0.01303	0	0	0	0	0	0.02681	0	0	0.40203	0	0	0.04726	0	0	0.2439	0	0	0	0	0	0	0	0	2.76302	0	0	0	0.10745	0	0	0	0	0.09126	0	0	0	0.00618	0	0	0	0	0.00603	0	0	0.0464	0	0	0	0	0	0	0	0.00031	0.15059	0	0	0	3.38208	0	0	0	0	0.02009	0	59.96178	0	0	0	0	0	0
0055-4FF	0.09127	0.17969	0	4.00601	0	0	0	0	0	0	0	0	0	0	0.39923	0	0	0.00949	0.00361	0	0	0	51.97836	0	0	0	0	0	0	0	0	0	0	0.09769	0	0	0	22.23594	0	0	0.1736	0	0	0	0	9.30605	0	0	0.01022	0	0	0	0.39825	1.02263	0.64948	0	0	0	0	0	0	0.06091	0	0	0.31121	0.04557	0	0.01043	0	0	0.30774	0	0	0	0	0	0	0	0	0.35332	0	0	0	0.02121	0	0	0	0	0.08966	0	0	0	0	0	0	0	0	0	0.07163	0	0.01922	0	0	0	0	0	0	0	0	0.01503	0	0	0	0	0	0	0	0	0	0	8.13253	0	0	0	0	0	0
0055-5FF	0.07061	0.22526	0	1.39886	0	0	0	0	0	0	0	0	0	0	0.35214	0	0	0.00921	0	0	0	0	30.81754	0	0	0	0	0	0	0	0	0	0	0.01899	0	0	0	25.2106	0	0	2.96008	0	0	0	0	15.034	0	0	0.01801	0	15.84691	0	1.14719	0.02048	0.31549	0	0	0	0	0	0	0.20218	0	0	0.08562	0	0	0	0	0	0.54299	0	0	0	0	0	0	0	0	0.06089	0	0	0	0	0	0	0	0	0.06162	0	0	0	0	0	0	0	0	0	0	0	0.0023	0	0	0	0	0	0	0.01995	0	0	0	0	0	0.00346	0	0	0	0	0	0	5.13193	0	0	0	0	0	0.44369
0073-1FF	0.12274	0	0	4.43187	0	0	0	0	0.27324	0	0	0.03283	0	0	0.55655	0	0	0.08407	0.01373	0	6.37926	0	15.20273	0	0.03753	0	0	0	0	0	0	0	0	0.27907	0	0	0.32624	22.92564	0	0	0.39508	0.28482	0	0	0	2.44567	0.05305	0	0.00682	0	0	0	0.10219	27.09588	0.19601	0.26073	0	0	0	0	0	1.96929	0	0	1.17128	0.26076	0.03928	0.06284	0	0	0	0	0	0.03653	0	0	0	0	0.02154	0.01809	0	0	0	0	0	0	0	0	0.45759	0	0	0	0	0	0	0	0	0.16802	0	0	0.36766	0	0	0	0	0	0	0.00907	0.0051	0.34403	0	0	0	0	0.01947	0	0	0	0.10348	0	13.44021	0	0	0	0	0	0
0073-4FF	0	0	0	0.0981	0.86594	0	0.07277	0	0	0	0	0	0	0	4.35239	0	1.05082	0	0	0	0	0	37.32678	0	0	0	0	0	0	0	0	0	0	0	0	0	0	0	0	0	1.79603	0.0177	0	0	0	12.39814	1.04724	0	0	0	0	0.01991	0.84536	0	0.97665	0.43019	0	0	0	0	0	14.6408	0	0	0.07608	0.28804	0.77052	0	0	0	0	0	0	0	0	0	0	0.9812	0	1.64991	0	0	0	0	0	0	0	0	0	0	0	0	0	0	0	0	0	0	0.01773	0	0	0	0	0	0	0	0	0	0.00655	0	0	3.80025	0	0	0	0	0	0	0	0	16.47093	0	0	0	0	0	0
0073-5FF	0	0	0	0.00921	0.17509	0	0.41262	0	0	0	0	0	0	0	15.7679	0	0.27375	0	0.00464	0	0.02851	0	19.31583	0	0	0	0	0	0	0	0	0	0	0	0	0	0	0	0	0	0.3153	0	0	0	0	5.17889	0.26837	0	0	0	22.13423	0.00099	0.06226	0	12.0089	0.08423	0	0	0	0	0	11.33135	0	0	0	0.07297	0.40414	0	0	0	0	0	0	0	0	0	0	2.73188	0.08305	0	0	0	0	0	0	0	0	0	0	0	0	0	0	0	0	0	0	0	0	0	0	0	0	0.00345	0	0	0	0.01324	0	0	0	5.38537	0	0	0	0	0	0	0	0	3.93383	0	0	0	0	0	0
0091-1FF	0	0	0	0.03889	0	0	0	0	0	0	0	0	0	0	0	0	0	0	0.06676	0	0	0	0.14464	0	0	0	0	0	0	0	0.01522	0	0	0	0	0	0	0.08803	0	0	0	0	0	0	0	0	0.01866	0	0	0	0	0	0	97.78669	0	0	0	0	0	0	0	0	0	0	0.26311	0	0	0	0	0	0	0	0	0	0	0	0	0	0	0	0	0	0	0	0	0	0	0	0	0	0.01125	0	0	0	0	0	0	0	0	0	0	0	0	0	0	0	0	0	0	0.128	0	0	0	0	0	0	0	0	0	0	1.43874	0	0	0	0	0	0
0091-4FF	0	0	0	0.00572	0	0	0	0	0	0	0	0	0	0	0.49295	0	0	0.00177	0.44513	0	0	0	12.25639	0	0	0	0	0	0	0	0.85159	0	0	0	0	0	1.31052	0	0	0	0.70759	0	0	0	0	21.55191	0.93945	0	0	0	53.89091	0	0.04377	0	1.21262	0	0	0	0	0	0	0	0	0	0.01455	1.84348	0.0775	0	0	0	0	0	0	0	0	0	0	0.0018	0.36952	0.01739	0	0	0	0	0	0	0	0	0	0	0	0	0	0	0	0	0	0	0	0	0	0	0	0	0	0	0	0	0.10043	0.0064	0	0.01384	0	0	0	0	0	0	0	0	3.58403	0.26073	0	0	0	0	0
0091-5FF	0	0	0	0	0	0	0	0	0.03983	0	0	0	0	0	0.6754	0	0	0.00302	4.81023	0	0	0	10.85228	0	0	0	0	0	0	0	1.44663	0	0	0	0	0	0	0	0	0	2.3277	0	0	0	0	21.62912	2.87773	0.09136	0	0	35.69515	0	0.03777	0.08306	7.50384	0.08069	0	0	0	0.2242	0	0	0	0	0	3.09082	0.31826	0	0	0	0	0.06238	0	0	0	0	0	4.43209	0	0	0	0	0	0	0	0	0	0	0	0	0	0	0	0.56837	0.07382	0	0	0	0	0	0	0	0	0	0	0	0	0	0.02337	0	0.01358	0.82621	1.58925	0	0	0	0	0	0	0	0.62384	0	0	0	0	0	0
0109-1FF	0	0	0	0.05584	0	0	0.05922	0	0	0	0	0	0	0	0	0	0	0	0.01188	0	0.34626	0	11.43096	0	0	0	0	0	0	0	0	0	0	0.01514	0	0	0	1.99267	0	0	0.05123	0	0	0	0	0.69954	0	0	0	0	50.11561	0	0	26.42619	1.11753	0	0	0	0	0	0	0.0015	0	0	0.07583	0.00246	0	0	0	0	6.06529	0	0	0	0	0	0	0.01388	0	0.09249	0	0	0	0	0	0	0	0	0.00273	0	0	0	0	0	0.00246	0	0	0.00381	0	0	0	0	0.06124	0	0	0	0	0	0.04769	0	0	0	0	0	0	0	0	0	0	0	1.30853	0	0	0	0	0	0
0109-4FF	0	0	0	0.63915	0	0	0	0	0	0	0	0	0	0	0.07407	0	0	0	0	0	0.12031	0	2.44435	0	0	0	0	0	0	0	0	0	0	0	0	0	0.16274	2.4554	0	0	0	0	0	0	0	0	0	0	0	0	1.90484	0	0	0	11.63586	0.11856	0	0	0	0	0	0	0	0	0.88218	0.17531	0	0	0	0	4.89464	0	0	0	0	0	0	0	14.76575	0	0	0	0	0.14687	0	0	0	0	0.07694	0	0	0	0	0	0	0	0	0	0	0	0	0	0.04765	0	0	0	0	0.03397	0.00972	0.92996	0	0	0	2.93497	0	0	0	0	0	0.65117	54.63865	0.18649	0	0	0	0.07047	0
0109-5FF	0	0	0	0.84509	0	0	0	0	0	0	0	0	0	0	0.23672	0	0	0.01688	0	0	4.57767	0	16.2639	0	0	0	0	0	0	0	0	0	0	0.02624	0	0	1.16767	5.62084	0	0	0.55238	0	0	0	0	6.36653	0	0	0.00243	0	30.61897	0	0	0.0914	8.08267	0.03111	0	0	0	0	0	0.05531	0	0	0.32946	0.0372	0.00238	0	0	0	20.40754	0	0	0	0	0	0	0	0	1.5389	0	0	0	0	0	0	0	0	0.07687	0	0	0	0	0	0	0	0	0	0	0	0	0	0.07924	0	0	0.00266	0	0.0026	0.01878	0.05316	0	0	0	0	0	0	0	0	0	0.09089	2.44778	0.35675	0	0	0	0	0
0127-1FF	0	0	0	0	0	0	0.50466	0	0.04565	0.11897	0	0	0	0	0.03968	0	0.00322	0	11.00155	0	0	0.01267	6.92189	0	0	0	0.04222	0	0	0	0	0	0	0.00274	0	0	0.01416	8.96087	0	0.38578	1.48452	0	0	0	0	20.38501	0.40602	0	0.01005	0	33.37387	0	0	8.55143	1.19638	0.56927	0	0	0	0.0442	0.02989	0.5725	0	0	0.00459	0.02233	0.0637	0	0	0	0	0	0	0	0	0	0	0	0	0	0	0	0	0	0	0	0	0	0	0	0.35805	0	0	1.05886	0.24081	0	2.66419	0	0	0	0	0	0	0	0.14807	0	0	0	0	0.00919	0	0.00929	0	0	0	0	0	0.66611	0	0	0.04826	0	0.02935	0	0	0	0
0127-4FF	0	0	0	0.38042	0.14977	0	1.29242	0	0.25872	0	0	0	0	0	0.91758	0	0.1322	0	0.04348	0	0	0	31.76135	0	0	0	0	0	0	0	0	0	0	0.01581	0	0	0	3.96119	0	0	0.38719	0	0	0	0	5.9742	0.65579	0	0.00131	0	26.69218	0	0	0.07934	7.4913	0.02768	0	0	0	0	0	6.06494	0	0	0.10408	1.53547	0.0781	0	0	0	0	0	0	0	0	0	0	1.30664	0.01266	0.89135	0	0	0	0.21247	0	0	0	0	0	0.15062	0	0	0	0	0	0	0	0	0	0	0	0	0	0.02488	0	0	0	0.28696	0.04023	0.47287	0	0.00108	0	0	0	0	0	0.27889	0	0	8.16082	0	0	0	0	0	0.15598
0127-5FF	0	0	0	1.28369	1.30154	0	0	0	0	0	0	0	0	0	0.16473	0	0.66687	0	0	0	0	0	49.33558	0	0	0	0	0	0	0	0	0	0	0.14531	0	0	0	4.03325	0	0	0.37785	0.42721	0	0	0	14.51281	1.80883	0	0	0	0.49849	0	0.06862	0.26755	12.05893	0.09836	0	0	0	0	0	2.49547	0	0	0.46822	1.70959	0.27282	0	0	0	0	0	0	0	0	0	0	0.19201	0	0.22274	0	0	0	0	0	0	0	0	0.08804	0	0	0	0	0	0	0	0	0	0	0	0	0	0	0	0	0	0	0.80594	0.06284	0.04582	0	0.00573	0	0	0	0	0	3.80213	0	0	2.77904	0	0	0	0	0	0
0136-1FF	0	0	0	0	0	0	0.00418	0	0	0.97733	0	0	0	0	0	0	0	0	27.34375	0	0.02558	0	2.46097	0	0	0	0	0	0	0	0	0	0	0	0	0	0.05167	0.47238	0	0	0	0	0	0	0	0.0085	6.95738	1.0219	0.32063	0	30.28266	0.00517	2.03223	0.28334	0	0.10491	0	0	0	0.83464	0.93884	0	0	0	0	0	0.80747	0	0	0	0	0	1.68781	0	0	0.9736	0	0	0	0	0	0.03644	0	0	0	0	0	0	0	0	0.66114	0	0	0	9.47688	0	0	0	0	0	0	0.81755	0	0	0	0	0	0	0.01083	0	0	0	3.31986	0	0	0.12213	0	0	0	0	5.77551	0	0	0	2.18473	0	0
0136-4FF	0	0	0	0.16799	0	0	0	0	0	0	0	0	0	0	0	0	0	0	0.03086	0	0	0	11.97983	0	0	0	0	0	0	0	0	0	0	0	0	0	0.01658	1.61805	0	0	0	0	0	0	0	0.00995	1.77635	0.0042	3.24304	0	54.09064	0	3.34061	0	0	0	0	0	0	0.00291	0	0	0	0	0.07273	0	0.3412	0	0	0	0	0	0	0	0	0	0	0	0	3.80867	0	0	0	0	0	0	0	0	0	0.42669	0	0	0	0	0	0	0	0	0	0	0	0	0	0	0	0	0	0	0	0.00726	0	0	0.11426	0	0	0.63615	0	0	0	0	18.3096	0	0	0.00244	0	0	0
0136-5FF	0	0	0	0.044	0	0	0.17963	0	0	0.26062	0	0	0	0	0	0	0	0	6.66791	0	0	0	36.63765	0	0	0	0	0	0	0	0	0	0	0	0	0	0.10634	11.63493	0.19672	0	0	0.00775	0	0	0	0.04429	3.38071	0.07456	2.15354	0	14.31603	0.00088	12.35483	0	0	0.40104	0	0	0	0.34973	0.40584	0	0	0	0	0	1.62202	0	0	0	0	0	0	0	0	0.00581	0	0	0	0.051	0	0.03654	0	0	0	0	0	0	0.01079	3.52283	0.00648	0	0	0	0.59885	0	0	0	0	0	0	0.04967	0	0	0	0	0	0	0.5377	0	0	0.3507	1.70043	0	0	1.59071	0	0	0	0	0.69947	0	0	0	0	0	0
0145-1FF	0	0	0.03324	0.95643	0	0	0	0.0028	0	0	0	0.01569	0	0	0.00446	0	0	0.00784	0	0	2.40419	0	3.04973	0	0	0	0	0	0	0	2.73937	0	0	0	0	0	0.0079	7.35824	0	0	0	0.00677	0	0	0	3.22499	0	0	0.02293	0	18.87912	0	0	0.34157	3.37809	0.03923	0	0	0	0	0	0.13623	0	0	0.0091	0.06684	0	0	0.35848	0	2.17248	0	0	0.05118	0.17016	0	0	0.00191	19.29953	0	0	0	0	0	0	0	0	0	0.02828	0	0	0.02665	0	0	0	0	0	0.03599	25.08944	0	0.00148	0	0.18951	0	0	0	0	0.04393	0.01232	0.37038	0	0	0	0	0	0	0	0.14027	0.00561	0	8.85851	0.12343	0	0	0	0.02412	0.3116
0145-4FF	0	0	0.02149	1.15851	0	0	0.01203	0	0	0	0	0.09728	0	0	0.62313	0	0	0.04071	0.01695	0	3.49173	0	8.92481	0	0	0	0	0	0	0	0.64629	0	0	0	0	0	0.03833	27.56623	0	0	0.00351	0	0	0	0	3.4614	0	0	0.07366	0	2.26452	0	0	0	8.63589	0.09097	0	0	0	0.01136	0	0.4745	0	0	0	0.09421	0	0	0.00442	0	0.02953	0	0	0.1108	0	0	1.04097	0.0798	33.35695	0	0	0	0	0	0	0	0	0.18443	0.24966	0	0	0.13086	0	0	0.03156	0	0	0	4.98246	0	0	0	0.42213	0.73073	0	0	0	0.00091	0.13471	0	0	0.06701	0	0	0	0	0	0.29126	0	0	0.09053	0.03941	0	0	0	0	0.27436
0145-5FF	0	0	0.01793	1.39893	0	0	0	0	0	0	0	0.08304	0	0	0.27242	0	0	0.0503	0	0	5.32722	0	9.78898	0	0	0	0	0	0	0	7.10666	0	0	0	0	0	0	15.06557	0	0	0.02413	0	0	0	0	5.36462	0	0	0.02785	0	2.15114	0	0	0.28043	3.23106	0.21135	0	0	0	0	0	0.03334	0	0	0	0.08797	0	0	0	0	0.97629	0	0	0.00679	0.27683	0	0.00643	0.04284	45.25596	0	0	0	0	1.51559	0	0	0	0	0.03093	0	0	0.03992	0	0	0	0	0	0	0.01695	0	0	0	0.04939	0.14039	0	0	0	0.01144	0.03233	0.05029	0	0	0	0	0	0	0.00984	0.46624	0	0	0.27772	0.27087	0	0	0	0	0
0163-1FF	0	0	0	0	0	0	0	0	0	0.26748	0	0	0	0	0.43475	0.53497	0	0	8.7424	0.93228	0	0	2.98879	0	0	0	0	0	0	0	0	0	0	0	0	0	0.2566	0.24062	0	0	0.97911	0	0	0	0	4.92336	0	0	0	0	0.22532	0	0	75.03412	0.18319	2.19397	0	0	0	0	0	0.38669	0	0	0	0	0	0	0	0	0	0	0	0	0	0	0	0.89556	0	0	0	0	0	0	0	0	0	0	0	0	0.08527	0	0	0	0.542	0	0	0	0	0	0	0	0	0	0	0	0	0	0.13674	0	0	0.01679	0	0	0	0	0	0	0	0	0	0	0	0	0	0	0
0163-4FF	0	0	0	0.19272	0.58679	0	0.00896	0	0	0	0	0	0	0.05121	5.09253	2.44562	0.94484	0	0.08706	0.0363	0	0	31.10975	0	0	0	0	0	0	0	0	0	0	0	0	0	0	0	0	0	4.06914	0	0	0	0	5.13117	0	0	0	0	11.94646	0.01892	0	0	1.72872	1.7641	0	0	0	0.39717	0	0.80516	0	0	0	0.16313	0.35823	0	0	0	0	0	0	0	0	0	0	1.27633	0	3.53619	0	0	0	0	0	0	0	0	0	0.27114	0	0	0	0	0	0	0	0	0	0	0	0	0	0	0	0	0	0.2013	0.09608	0.1166	0.20239	0.03068	0	0	0	0	0	0	0	0	11.56131	0	0	0	0	0	15.77
0163-5FF	0	0	0	0.01607	0.79759	0	0	0	0.20243	0	0	0	0	0	4.56114	0.15436	0.77906	0	0	0	0	0	39.01582	0	0	0	0	0	0	0	0	0	0	0	0	0	0	0	0	0	0.62003	0	0	0	0	6.27698	0.06855	0	0	0	0.33024	0.00712	0	0	5.96431	0.1575	0.00175	0	0	0	0	0.41382	0	0	0.07431	0	0.04308	0	0	0	0	0	0	0.02845	0	0	0	1.48599	34.04698	0.14744	0	0	0	0	0	0	0	0	0.04813	0.01782	0	0	0	0	0	0	0	0	0	0	0	0	0	0.69903	0	0	0	0.02957	0.01011	0	0.02772	0.19753	0	0	0	0	0	0	0	0	3.54953	0	0	0	0	0	0.22754
0181-1FF	0	0	0	0.02349	0	0	0.07745	0	0	0.09856	0.2702	0	0	0	0.62994	0	0	0	7.43278	0	0.02015	0	0.59314	0	0	0	0	0	0	0	0.01326	0	0	0	0	0	0	0.51991	0	0	0.24821	0	0	0.00109	0	0.56755	0.01357	0	0	0	0.00625	0	0	28.40362	0.48385	0.44981	0	0	0	0	0	0.01483	0	0	0.02839	0.0107	0	0	0	0	0.46844	0	0	0	3.89322	0	0	0	0	5.00812	0	0	0	0	0	0	0.09289	0	0	0	0.06402	0	0	0	0.75809	0	0	0	0	0	0.0599	0	0.00877	0	0	0	0	0	0	0.0189	0	0	0	0	0	0	0	0	0	0	15.75368	0	0	0	0	33.96723	0
0181-4FF	0	0	0	0.19605	0	0	0	0	0	0	0	0	0	0	0.03338	0	0	0	0	0	0	0	9.49808	0	0	0	0	0	0	0	0	0	0	0	0	0	0	5.92969	0	0	4.50174	0	0	0	0	3.85184	1.03524	0	0.00209	0	27.22309	0	0	0.82902	4.75406	0.02087	0	0	0	0	0	1.4166	0	0	0.09279	0.02931	0.1117	0	0	0	21.75919	0	0	0	0	0	0	0.00697	0.99318	4.4245	0	0	0	0.05079	0	0	0	0	0	0	0	0	0	0	0	0	0	0.01635	0	0	0.1616	0	0	0.69614	0	0	0	0.0117	0.0343	0	0	0	0	0	0	0	0	0	0	0	12.31598	0	0	0	0	0.00374	0
0181-5FF	0	0	0	0.0423	0	0	0	0	0	0	0	0	0	0	0.57112	0	0	0	0	0	0	0	2.6665	0	0	0	0	0	0	0	0	0	0	0	0	0	0	4.11792	0	0	0.45881	0	0	0	0	0.76258	0.02565	0	0	0	5.84666	0	0	0.04658	3.048	0	0	0	0	0	0	0.3052	0	0	0.04589	0	0	0	0	0	2.63241	0	0	0	0	0	0	0.02063	0	0.80044	0	0	0	13.66473	0	0	0	0	0	0	0	0	0	0	0	0	0	0	0	0	0.0065	0	0	0	0	0	0	0.06664	0.00246	0.00513	0	0	0	0	0	0	0	0	0	0	64.86387	0	0	0	0	0	0
0217-1FF	0	0	0	0.04995	0	0	0	0	0.01895	0	0	0	0.01739	0	0.09044	0	0	0.00659	0.09827	0	6.12766	0	4.42374	0	0	0	0	0	0	0	0	0	0	0	0	0	4.01053	0.75111	0.00082	0	0.75211	0	0	0	0	0.05518	0.39206	0	0	0	74.49272	0	1.22021	0.01698	2.34259	0.07228	0	0	0.02119	0	0	0.46923	0	0	0.20216	0	0.18084	0	0	0	0	0	0	0	0	0.01798	0	1.59918	0	0.01246	0	0	0	0.14825	0	0.0118	0	0	0	0	0	0	0	0	0	0	0	0	0	0	0	0.02945	0	0	0	0	0	0	0.07764	0	0.03541	0.44924	0	0.01499	0	0.37858	0	0	0	0	0.53797	0	0	0	0	0	0.87407
0217-4FF	0	0	0	0.01615	0	0	0	0	0	0	0	0	0	0.02665	0	0	0	0	1.20725	0	34.46876	0	3.0381	0	0	0	0	0	0	0	0	0	0.34542	0	0	0	0	6.10453	0.01219	0	4.49144	0	0	0	0.02178	4.32326	1.46138	0	0.00333	0	0.88439	0	15.80179	9.22647	1.65019	0.00158	0	0	0	0	0	1.2269	0	0	0.19558	0	0.31725	0	0	0	0	0	0	0	0.09522	3.28808	0	5.29582	0	0.13716	0	0	0	0.01891	0	0.09337	0	0	0	0	0	0	0	0	0.04054	0	0	0	0.05233	0	0	0	0	0	0	0	0	0	0.05598	0	0	0	0	0	0	0	0	0	0	0	5.89569	0	0	0	0	0	0.20253
0217-5FF	0	0	0	0.05698	0	0	0	0	0	0	0	0	0.01154	0	0	0	0	0.00772	0.11238	0	18.93169	0	17.99082	0	0	0	0	0	0	0	0	0	0	0	0	0	0	7.6223	0	0	4.589	0	0	0	0	3.29815	0.41002	0	0.00364	0	27.83062	0	2.53562	0.06059	2.26611	0	0	0	0.00973	0	0	0.31746	0	0.03452	0.13812	0	0.24372	0	0	0	0	0	0	0.09616	0	1.86072	0	5.22105	0	0.98608	0	0	0	0	0	0	0	0	0	0	0	0	0	0	0	0	0	0	0	0	0	0	0	0	0	0	0	0.00101	0	0	0	0	0	0	0	0	0	0	0	0	5.26109	0.0973	0	0	0.00589	0	0
0226-1	0	0	0	0.21489	0	0	0	0	0.14808	0	0	0	0	0	0.4774	0	0	0	0	0	7.56748	0	22.87225	0	0	0	0	0	0	0	0	0	0	0.01704	0	0	0	19.60096	0	0	2.05821	0	0	0	0	33.52919	0	0	0.02772	0	0	0	0.25955	0	5.09912	0	0	0	0	0	0	0.69362	0	0	0.28334	0.09083	0.13885	0	0	0	0.51035	0	0	0	0	0	0	0	0	0.0159	0	0	0	0	0	0	0	0	0	0	0	0	0	0	0	0	0	0	0	0	0	0	0	0	0	0	0	0	0	0.27227	0	5.59621	0	0	0	0	0	0	0	0	0.52674	0	0	0	0	0	0
0226-1FF	0	0	0	0.07897	0.05243	0	0	0	1.09907	0	0	0	0	0.04058	1.37827	0	0.03268	0	0	0	10.89805	0	32.14786	0	0	0	0	0	0	0	0	0	0	0	0	0	0.39043	25.8125	0	0	3.69153	0	0	0	0	15.29757	0.03783	0	0.06617	0	0.00681	0	0.53195	1.11404	1.82811	0.03609	0	0	0	0	0	0.21046	0	0	0.11815	0.11693	0.09199	0	0	0	0.57438	0	0	0	0	0	0	0	0	0.05665	0	0	0	0	0	0	0	0	0	0	0	0	0	0	0	0	0	0	0	0	0	0	0	0	0	0	0	0.01317	0	0	0	3.89026	0	0	0	0	0	0	0	0	0.38707	0	0	0	0	0	0
0226-4	0	0	0	0.0881	0.31098	0	0	0	0	0	0	0	0	0.15521	9.81442	0	0.26729	0	0	0	2.15322	0	17.99225	0	0	0	0	0	0	0	0	0	0	0	0	0	0.5742	26.31635	0	0	2.39094	0	0	0	0	11.53005	0.22826	0	0.01177	0	0	0	0	0	0.13018	0.14402	0	0	0	0	0	0.01502	0	0	0	0.43352	0.28949	0	0	0	0	0	0	2.78266	0	0	0	0	0.19524	0.13636	0	0	0	0	0	0	0	0	0	0	0	0	0	0	0	0	0	0	0	0	0	0.02772	0	0.81111	0	0	0	0.15901	0	0	0	1.8804	0	0	0	0	0	0	0	0	17.62903	1.02621	0	0	0	0	2.50697
0226-4FF	0	0	0	0.08338	0.35284	0	0	0	0	0	0	0	0	0.13009	10.9304	0	0.31363	0	0.01071	0	1.79684	0	19.45168	0	0	0	0	0	0.01976	0	0	0	0	0	0	0	0.56415	23.38968	0	0	2.27629	0	0	0	0	10.03241	0.17914	0	0.01404	0	0.9371	0	0	0	0.06979	0.17931	0	0	0	0	0	0.03578	0	0	0.03921	0.82623	0.38689	0	0	0	0	0	0	2.64575	0	0	0	0.01097	0.25227	0.09221	0	0	0	0	0	0	0	0	0	0	0	0	0	0	0	0	0	0	0	0	0	0.02341	0.03171	0.68234	0	0	0	0.16346	0.0639	0	0	3.41419	0	0	0	0	0	0	0	0	17.76637	0.82447	0	0	0	0	2.00959
0226-5	0	0	0	0.00712	0.05838	0.00444	0	0	0.28203	0	0	0	0	0.04141	7.23058	0	0.06159	0	0.12966	0	37.94582	0	9.00065	0	0	0	0	0	0	0	0	0.00567	0	0	0	0	0.1371	17.64274	0	0	0.19345	0	0	0	0	1.3652	0.02448	0	0.01429	0	19.72363	0	0.19357	0.05207	0.06441	0.14577	0	0	0	0	0	0.29708	0	0	0	0.43107	0.18666	0	0	0	0.0239	0	0	0.54851	0	0	0	0	0.05455	0.08064	0	0	0	0	0	0	0	0	0	0	0	0	0	0	0	0	0	0	0	0	0	0	0	0	0	0	0	0.11028	0.02436	0	0	3.65753	0	0	0	0	0	0	0	0	0.0303	0.18	0	0	0	0	0.05107
0226-5FF	0	0	0	0	0.0761	0	0	0	0.12057	0	0	0	0	0.04279	7.326	0	0.04745	0	0.19675	0	34.73547	0	10.43927	0	0	0	0	0	0	0	0	0	0	0	0	0	0.1302	17.71248	0	0	0.29646	0	0	0	0	1.29833	0.02215	0	0	0	20.93129	0	0.19274	0.0763	0.04749	0.22865	0	0	0	0	0	0.23514	0	0	0	0.5548	0.26718	0	0	0	0.01693	0	0	0.55905	0	0	0	0	0	0.04748	0	0	0	0	0	0	0	0	0.01533	0	0	0	0	0	0	0	0	0	0	0	0	0	0	0	0	0	0	0.1572	0.00604	0	0	3.92524	0	0	0	0	0	0	0	0	0.03554	0.18371	0	0	0	0	0.07582
0235-1	0	0	0	0.07723	0	0	0	0	0	0	0	0	0	0	0	0	0	0	1.04242	0	5.34842	0	12.0596	0	0	2.49413	0	0	0	0	0	0	0	0	0	0	0	0	0	0	0.95424	0	0.53037	0	0	0	51.27149	0	0	0	0	0	0	0	0	1.12404	0	0	0	0	0	0	0	0	0	0	6.88585	0	0	0	0	0	0	0	0	0	0	0	0	3.87297	0	0	0	0	0	0	0	0	0	0	0	0	0	0	0	0	0	0	0	0	0	0	0	0	0	0	0	0	0	0	0	0.96094	0	0	0	0.60347	0	0	0	0	12.77483	0	0	0	0	0	0
0235-1FF	0	0	0	1.55037	0	0	0	0	0	0	0	0	0	0	1.44954	0	0	0.01102	0.0348	0	4.25259	0	29.73924	0	0	0.17264	0	4.19126	0.18471	0	0	0	0	0.28867	0	0	0	0	0	0	6.91384	0	0	0	0	0.14986	9.20766	0	0	0	0	0	0.65495	0	0.30943	0	0	0	0	0.61096	0	0	0	0	0.09128	0	1.03724	0	0	0	0	0	0	0.58282	0	0	0	0.02403	0.11899	7.86931	0	0	0	0.24611	0	0	0	0	0.17517	0	0	0	0	0	0	0	0	0.0439	0	0	0	0	0	0	0	0	0	0	0	0.62847	0	10.46206	0	0	0	1.87818	0	0	0	0	17.12091	0	0	0	0	0	0
0235-4	0	0	0	0.06722	0	0	0	0	0	0	0	0	0	0	0	0	0	0	0	0	0	0	0	0	0	0	0	0	0	0	0	0	0	0	0.16751	0	0.53077	0	0	0	0	0	0	0	0	0	0	0	0	0	6.46876	0	0	2.21148	0	0	0	0	0.0215	0	0	0	0	0	0.02365	0	0	0	0	0.12256	0	0	0	0	0.02535	0.31705	0	0	0.01355	0.05767	0	0	0	0	0	0	0.14129	0	0	0	0	0	0	0	0	0	0	0	0	0	0	0	0	0	0	0	0	0	0	0.6321	0	16.6459	0	0	0	0	0	0	0	0	72.49543	0	0	0	0	0.0582	0
0235-4FF	0	0	0	0.04738	0	0	0	0	0	0	0	0	0	0	0	0	0	0	0.16301	0.026	0	0	0	0	0	0	0	0	0	0	0	0	0	0	0.11291	0	0.34528	0	0	0	0.00453	0	0	0	0	0	0	0	0	0	40.7694	0	0	3.47021	0	0	0	0	0	0	0	0	0	0	0.01202	0	0	0	0	0.38616	0	0	0	0	0.06526	0.31071	0	0	0	0.02597	0	0	0	0	0	0	0.20968	0	0	0	0	0	0	0	0.00545	0	0	0	0	0	0	0	0	0	0	0	0	0	0	0.3985	0	9.98757	0	0.00594	0	0	0	0	0	0	43.24998	0	0	0	0	0.40405	0
0235-5	0	0	0	0	0	0	0	0	0	0	0	0	0	0	0	0	0	0	0	0	0	0	0.13464	0	0	0	0	0	0	0	0	0	0.01351	0	0.00353	0.16066	0.73536	0	0	0	0	0	0	0.02649	0	0	0	0	0	0	41.46861	0	0	1.97099	0	0	0	0	0	0	0	0	0	0	0.03748	0	0	0	0	0	0	0	0	0.00907	2.08008	0.48183	0	0	0	0	0	0	0	0	0	0	0	0	0	0	0	0	0	0	0	0	0	0	0	0	0	0	0	0	0	0	0	0	0	0.01154	0	33.91942	0	0.25836	0	0	0	0	0	0	18.57864	0	0	0	0	0.10981	0
0235-5FF	0	0	0	0	0	0	0	0	0	0	0	0	0	0	0	0	0	0	0.01033	0	0	0	0.66183	0	0	0	0	0	0	0	0	0	0	0	0	0.07174	0.55849	0	0	0	0	0	0	0.05521	0	0	0	0	0	0	69.77485	0	0	0.94886	0	0	0	0	0	0	0	0	0	0	0	0	0	0	0	0	0	0	0	0	0.86361	0.20079	0	0	0	0	0	0	0	0	0	0	0	0	0	0	0	0	0	0	0	0	0	0	0	0	0	0	0	0	0	0	0	0	0	0	0	10.30278	0	0.06548	0	0	0	0	0	0	15.17931	0	0	0	0	1.3067	0
0253-1FF	0	0	0	0.09569	0.02665	0	0	0	0	0	0	0	0	0	0.65896	0	0.02727	0	0	0	2.73444	0	15.17747	0	0	0	0	0	0	0	0	0	0	0	0	0	0	8.12105	0	0	0.1721	0	0	0	0	4.17682	0.73634	0	0	0	0	0	0	0	11.73637	0	0	0	0	0	0	0.05836	0	0	0	0.05068	0.12406	0	0	0	0.42087	0	0	0	0	0	0	0	0	0.02398	0	0	0	0	0	0	0	0	0	0	0	0	0	0	0	0	0	0	0	0	0	0	0	0	0	0	0	0	5.36257	0	0	0	0	0	0	0	0	0.46269	0	0	49.83364	0	0	0	0	0	0
0253-4	0	0	0	0.17342	1.72147	0	0	0	0	0	0	0	0	0	0	0	0.71597	0	0	0	12.27778	0	30.56824	0	0	0	0	0	0	0	0	0	0	0	0	0	0	9.62064	0	0	0	0	0	0	0	2.40285	4.10453	0	0.01148	0	0	0.03312	0.03121	0	4.55364	0	0	0	0	0	0	0	0	0	0.07256	0	0.55278	0	0	0	0.52479	0	0	0	0	0	0	0	0	0	0	0	0	0	0	0	0	0	0	0	0	0	0	0	0	0	0	0	0	0	0	0	0	0	0	0	0	0	2.95228	0	0	0	0	0	0	0	0	1.57579	0	0	28.10746	0	0	0	0	0	0
0253-4FF	0	0	0	0.09276	0.52619	0	0	0	0	0	0	0	0	0	0.45971	0	0.17252	0	0	0	3.89309	0	21.81277	0	0	0	0	0	0	0	0	0	0	0	0	0	0	2.14878	0	0	0	0	0	0	0	1.61843	0.61899	0	0	0	41.63291	0.00146	0.23832	0	5.86581	0	0	0	0	0	0	0.61661	0	0	0.07397	0	0.0448	0	0	0	0.48614	0	0	0	0	0	0	0	0	0	0	0	0	0	0	0	0	0	0.03729	0	0	0	0	0	0	0	0	0	0	0	0	0	0	0	0	0	0	0	6.21734	0	0	0	0	0	0	0	0	0.45678	0	0	12.98532	0	0	0	0	0	0
0253-5	0	0	0	0.06364	0	0	0	0	0	0	0	0	0	0	0	0	0	0	0	0	16.43619	0	3.11585	0	0	0	0	0	0	0	0	0	0	0	0	0	0	8.72129	0	0	0	0	0	0	0	1.98911	0.37859	0	0.00354	0	0	0	0	0	2.16549	0	0	0	0	0	0	0	0	0	0.00907	0	0.04232	0	0	0	0.38624	0	0	0	0	0	0	0	0	0.46933	0	0	0	0.00436	0	0	0	0	0	0	0	0	0	0	0	0	0	0	0	0	0	0	0	0	0	0	0	0	6.71342	0	0	0	0	0	0	0	0	0.70714	0	0	58.79443	0	0	0	0	0	0
0253-5FF	0	0	0	0.18623	0.00091	0	0	0	0	0	0	0	0	0	0	0	0	0	0	0	13.08861	0	6.09563	0	0	0	0	1.52477	0	0	0	0	0	0	0	0	0	8.56452	0	0	0	0	0	0	0	2.58413	0.47725	0	0	0	0.02257	0	0	0	3.82475	0.0095	0	0	0	0	0	0	0	0	0.02312	0.02664	0.03457	0	0.01567	0	0.52838	0	0	0	0	0	0	0	0	0.85924	0	0	0	0.02703	0	0	0	0	0	0	0	0	0	0	0	0	0	0	0	0	0	0	0	0	0	0	0	0	10.31077	0.00618	0	0	0	0	0	0	0	0.76761	0	0	51.0219	0	0	0	0	0	0
0271-1	0	0	0	0.15498	0	0	0	0	0	0	0	0	0	0	0.082	0	0	0	0	0	0.28967	0	11.65859	0	0	0	0	0	0	0	0.25677	0	0	0	0	0	0	37.48783	0	0	0.28849	0	0	0	0	8.32933	0	0	0.10768	0	0	0	0	0	12.24835	0	0	3.97679	0	0	0	0.42068	0	0	0.19945	0	0	0	0	0	21.83435	0	0	0	0	0	0	0	0	0.12747	0	0	0	0.01001	0	0	0	0	0	0	0	0	0	0	0	0	0	0	0	0	0	0	0	0	0	0	0	0	0.03591	0	0	0	0	0	0	0	0	0.20467	0	0	2.287	0	0	0	0	0	0
0271-1FF	0	0	0	0	0	0	0	0	0	0	0	0	0	0	2.41767	0	0	0	0	0	0.09114	0	14.79746	0	0	0	0	0	0	0	3.22779	0	0	0	0	0	0	34.47194	0	0	0.2774	0	0	0	0	11.42128	0	0	0.05273	0	2.97044	0	0	0	8.40094	0.01592	0	6.51298	0	0	0	0.19766	0	0	0	0.02812	0	0	0	0	14.08431	0	0	0	0	0	0	0	0	0.08142	0	0	0	0.00881	0	0	0	0	0	0	0	0	0	0	0	0	0	0	0	0	0	0	0.02613	0	0	0	0	0	0.0093	0	0	0	0	0	0	0	0	0.10525	0	0	0.80132	0	0	0	0	0	0
0271-4FF	0	0	0	0	0.01859	0	0	0	0	0	0	0	0	0	5.58437	0	0.00181	0	0	0	0	0	19.51887	0	0	0	0	0	0	0	0	0	0	0	0	0	0	0	0	0	0.03072	0	0	0	0	31.98322	0	0	0	0	4.97976	0	0	0	7.6054	0.03676	0	2.5515	0	0	0	0.10296	0	0	0.04355	0.00648	0	0	0	0	5.05762	0	0	0	0	0	0	0.25171	0.03694	2.29999	0	0	0	0	0	0	0	0.20294	0	0	0	0	0	0	0	0	0	0	0	0	0	0	0	0.73744	0	0	0	0	1.40523	0	0	0	0	0	0	0	0	0.11586	0	0	17.40816	0.02011	0	0	0	0	0
0271-5	0	0	0	0.11316	0.35403	0	0	0	0	0	0	0	0	0	2.22275	0	0.21241	0	0	0	0	0	29.74646	0	0	0	0	0	0	0	0	0	0	0	0	0	0.42261	6.33418	0	0	0	0	0	0	0	14.81517	0	0	0	0	27.61844	0	0	0	8.14248	0	0	3.07056	0	0	0	0	0	0	0	0	0	0	0	0	4.7564	0	0	0.01064	0	0	0	0	0	0.13768	0	0	0	0	0	0	0	0.75238	0	0	0	0	0	0	0	0	0	0	0	0	0	0	0	0	0	0	0	0.55244	0.08844	0	0	0	0	0	0	0	0	0.26514	0	0	0.3533	0.03133	0	0	0	0	0
0271-5FF	0	0	0	0.13951	0.17966	0	0	0	0	0	0	0	0	0	6.66708	0	0.08351	0	0	0	0	0	28.62756	0	0	0	0	0	0	0	0.03445	0	0	0	0	0	0.123	3.20543	0	0	0.55666	0	0	0	0	14.93879	0	0	0	0	22.61533	0	0	0	9.46068	0.12085	0	3.20123	0	0.00852	0	0.21144	0	0	0	0.12189	0	0	0	0	4.42737	0	0	0.04086	0	0	0	0.38194	0.00744	0.13857	0	0	0	0	0	0	0	3.56089	0.01438	0	0	0	0	0	0	0	0	0	0	0	0	0	0	0	0	0	0	0.21247	0.11655	0	0	0	0	0	0	0	0	0.3245	0	0	0.47337	0.00606	0	0	0	0	0
0299-1FF	0	0	0	0	0	0	0	0	0	2.36495	0	0	0	0	10.29041	0	0	0	47.27181	11.02344	0	0	1.88682	0	0	0	0	0	0	0	0	0	0	0	0	0	0	0	0	0	6.45787	0	0	0	0	0	0	0	0	0	0	0	0	0	0.63423	5.63603	0	0	0	0	0	0.15443	0	0	0	0	0	0	0	0	0	0	0	0	0	0	0	0	0	0	0	0	0	0	0	0	0	0	0	0	1.94963	0	0	0	5.114	0	7.04572	0	0	0	0	0	0	0	0.17064	0	0	0	0	0	0	0	0	0	0	0	0	0	0	0	0	0	0	0	0	0	0
0299-4	0	0	0.01274	0.05728	0	0	0	0	0.03544	0	0	0	0	0	13.45821	0	0	0	0	0	0.03479	0	15.53086	0	0	0	0	0	0	0	0	0	0	0	0	0	0.00403	0.00216	0	0	0.68234	0	0	0	0	0.02921	1.19716	0	0	0	39.94899	0	1.2797	0	9.97205	0	0	0	0	0	0	3.28528	0	0	0.00959	0	0.11922	0	0	0	0	0	0	0.01552	0	0.00309	0	0	0.00773	0.80879	0	0	0	0	0	0	0	0	0	0	0	0	0	0	0	0	0	0	0	0	0	0	0	0	0	0	0	0	0	0.0046	0	0	0	0	0	0.04349	0	0	0	0	13.43011	0.02763	0	0	0	0	0
0299-4FF	0	0	0.02156	0.07234	0	0	0	0	0.01872	0	0	0	0	0	11.25009	0	0	0	0.162	0	0.04213	0	14.45471	0	0	0	0	0	0	0	0	0	0	0.00218	0	0	0.01038	0.04299	0	0	2.0116	0	0	0	0	0.08229	1.01357	0	0	0	39.32808	0	1.71004	0	9.94905	0.17898	0	0	0	0	0	6.47659	0	0	0.04825	0	0.09918	0	0	0	0	0	0	0.00791	0	0.00783	0	0	0.0293	0.67294	0	0	0	0	0	0	0	0	0	0	0	0	0	0	0.0026	0	0	0	0.42196	0	0.07152	0	0	0	0	0	0	0	0	0	0	0	0	0	0	0.06716	0	0	0	0	11.7419	0.00216	0	0	0	0	0
0307-1	0	0	0	0.56482	0	0	0	0	0	0	0	0	0	0	0.00957	0	0	0	0	0	14.19985	0	6.65458	0	0	0	0	0	0	0	0	0	0	0	0	0	0	34.64673	0	0	1.79782	0	0	0	0	1.23153	0.4674	0	0.02917	0	0	0	0	2.81698	28.29502	0	0	0	0	0	0	2.43542	0	0	0	0.53985	0.06519	0	0	0	0	0	0	0	0	0	0	0.04367	0	0.04805	0	0	0	0	0	0	0	0	0.02687	0	0	0	0	0	0	0	0	0	0	0	0	0	0	0.2731	0	0	0	0	0.259	0.01656	0	0	0	0	0	0	0	0	0	0	5.5788	0	0	0	0	0	0
0307-1FF	0	0	0	0.34384	0	0	0	0	0	0.1884	0	0	0	0	0	0	0.00137	0	0.35527	0.31181	10.30249	0	6.97566	0	0	0	0	0	0	0	0	0	0	0	0	0	0	37.53067	0	0	2.20816	0	0	0	0	0.79322	0.35263	0	0.00571	0	0	0	0	2.09043	28.75683	0	0	0	0	0.24681	0	1.19988	0	0	0	0.97417	0.02255	0	0	0	0	0	0	0	0	0	0	0.00857	0	0.07036	0	0	0	0	0	0	0	0	0.01632	0	0	0	0	0	0	0	0	0	0	0	0	0	0	0.08955	0	0	0	0	0.23025	0.02122	0	0	0	0	0	0	0	0	0	0	6.8671	0	0	0	0	0.03674	0
0307-4	0	0	0	0	0.03143	0	0	0	0	0	0	0	0	0	0.70429	0	0.02656	0	0	0	60.07265	0	11.50642	0	0	0	0	0	0	0	0	0	0	0	0	0	0	14.17156	0	0	0.39811	0	0	0	0	0.7219	0.27293	0	0.00469	0	0	0	0.02925	0	5.78281	0	0	0	0	0	0	0.48942	0	0	0	0.17482	0.02334	0	0	0	0	0	0	0	0	0	0	0.176	0	0	0	0	0	0	0	0	0	0	0	0	0	0	0	0	0	0	0	0	0	0	0	0	0	0.59392	0	0	0	0	0.0296	0	0	0	0	0	0	0	0	0	0	0	4.79032	0	0	0	0	0	0
0307-4FF	0	0	0	0.00103	0.04746	0.02289	0	0	0	0	0	0	0	0	2.08312	0	0.05868	0	0	0	44.09934	0	11.74164	0	0	0	0	0	0	0	0	0	0	0	0	0	0	16.73898	0	0	0.44817	0	0	0	0	0.70878	0.23563	0	0	0	0	0	0.06294	0.09432	11.9819	0.06494	0	0	0	0	0	6.2033	0	0	0	0.34639	0.02455	0	0	0	0	0	0	0	0	0	0	1.72891	0	0	0	0	0	0	0	0	0	0	0	0	0	0	0	0	0	0	0	0	0	0	0	0	0	0.33481	0	0	0	0	0.07588	0	0	0	0	0	0	0	0	0	0	0	2.89633	0	0	0	0	0	0
0307-5	0	0	0	0.06363	0.41795	0	0	0	0	0	0	0	0	0	0.89707	0	0.37617	0	0	0	27.76599	0	14.07704	0	0	0	0	0	0	0	0	0	0	0	0	0	0	18.31179	0	0	1.85849	0	0	0	0	4.70616	0.40321	0	0.02515	0	0	0	0.00886	0.08414	18.36413	0	0	0	0.01625	0	0	0.05709	0	0	0.02038	0.0448	0.10629	0	0	0	0.08613	0	0	0	0	0	0	1.83005	0.24341	0.13944	0	0	0	0	0	0	0	0	0.02049	0	0	0	0	0	0	0	0	0	0	0	0	0	0	0.48777	0	0	0	0	0.01598	0	0	0	0	0	0	0	0	0	0	0	9.57214	0	0	0	0	0	0
0307-5FF	0	0	0	0.04639	0.49048	0	0	0	0	0	0	0	0	0	0.78807	0	0.45795	0	0	0	22.78531	0	11.42693	0	0	0	0	0	0	0	0	0	0	0	0	0	0	13.2067	0	0	2.2477	0	0	0	0	5.57555	0.60728	0	0	0	4.88454	0.00648	0.01933	0.12022	14.74751	0	0	0	0	0	0	0.22411	0	0	0.02026	0.05327	0.186	0	0	0	0.08254	0	0	0	0	0	0	3.98958	0.28347	0.03955	0	0	0	0	0	0	0	0	0.02	0	0	0	0	0	0	0	0	0	12.20581	0	0	0	0	0.29326	0	0	0	0	0.01519	0	0	0	0	0	0	0	0	0	0	0	5.1765	0	0	0	0	0	0
0316-1	0	0	0	0.19687	0.00181	0	0	0	0	0	0	0	0	0	0	0	0.02975	0	0	0	0.9628	0	29.08434	0	0	0	0	0	0	0	1.51825	0	0	0	0	0	0	1.86691	0	0	0	0	0.1398	0	0	3.76262	0	0	0	0	42.50428	0	0	3.10336	3.49885	0	0	0	0	0	0	0.05588	0	0	0.11988	0	0	0	0	0	0	0	0	0	0	0	0	0	0	0.21526	0	0	0	0	0	0	0	0	0	0	0	0	0	0	0	0	0	0	0	0	0	0	0.18897	0	0	0	0	0	0.34459	0	0	0	0	0	0	0	0	0	0	0	12.40578	0	0	0	0	0	0
0316-1FF	0	0	0	0.07095	0.02137	0	0	0	0.01758	0	0	0	0	0	0	0	0.03183	0	0	0	0.61705	0	11.4784	0	0	0	0	0	0	0	0.53262	0	0	0	0	0	0	0.71088	0	0	0	0	0	0	0	1.64063	0	0	0	0	73.22046	0	0	4.25297	2.5525	0.01513	0	0	0	0	0	0	0	0	0.0129	0.02918	0	0	0	0	0	0	0	0	0	0	0	0	0.24855	0.08433	0	0	0	0	0	0	0	0	0	0	0	0	0	0	0	0	0	0	0	0	0	0	0.04202	0	0	0	0	0	0.02239	0	0	0	0	0	0	0	0	0	0	0	4.39825	0	0	0	0	0	0
0316-4	0	0	0	1.1909	1.13462	0	0	0	0	0	0	0	0	0	0	0	1.14646	0	0	0	0	0	38.03436	0	0	0	0	0	0	0	0	0	0	0	0	0	0	1.61202	0	0	0	0	0	0	0	23.39733	1.14448	0	0	0	0.71647	0	0	4.84601	13.64555	0	0	0	0	0	0	0.0232	0	0	0	0.45597	0.40694	0	0	0	0	0	0	0	0	0	0	0	0	0.14249	0	0	0	0	0	0	0	0	0	0	0	0	0	0	0	0	0	0	0	0	0	0	0	0	0	0	0	0	0.48873	0	0	0	0	0	0	0	0	0	0	0	11.61446	0	0	0	0	0	0
0316-4FF	0	0	0	0.80236	1.20606	0	0.19777	0	0	0	0	0	0	0	0.17872	0	1.17046	0.00803	0.12588	0.00695	0	0	33.53411	0	0	0	0	0	0	0	0.00687	0	0	0	0	0	0	3.52647	0	0	0.14155	0	0	0	0	25.62243	0.77699	0	0	0	0.71353	0.01954	0	5.12835	14.63073	0.59599	0	0	0	0	0	1.4524	0	0	0.04434	1.47713	0.45651	0	0	0	0	0	0	0	0	0	0	0	0	0.41181	0	0	0	0	0	0	0	0	0	0	0	0	0	0	0	0	0	0	0	0	0	0	0.421	0	0	0	0	0	0.53363	0	0	0.12381	0	0	0	0	0	0	0	0	6.68657	0	0	0	0	0	0
0316-5	0	0	0	1.0179	1.40501	0	0	0	0	0	0	0	0	0	0.02997	0	1.43279	0	0.05552	0	0	0	48.72478	0	0	0	0	0	0	0	1.50744	0	0	0	0	0	0	1.13489	0	0	0.23291	0	0	0	0	13.36598	2.4461	0	0	0	0	0.03241	0	0.0987	8.235	0.11576	0	0	0.04045	0	0	0.32979	0	0	0.16287	0.55273	1.14669	0	0	0	0	0	0	0	0	0	0	0.01163	0	0.69973	0	0	0	0	0	0	0	0	0.01735	0	0	0	0	0	0	0	0	0	0	0	0	0	0.19327	0.09695	0	0	0	0	0.52546	0.06282	0	0.11051	0	0	0	0	0	0	0	0	16.21457	0	0	0	0	0	0
0316-5FF	0	0	0	1.15274	1.79738	0	0.0389	0	0	0	0	0	0	0	0.07257	0	1.6477	0.10506	0.04602	0	0	0	46.86821	0	0	0	0	0	0	0	2.38587	0	0	0	0	0	0	0.51822	0	0	0.20161	0	0	0	0	14.37561	1.1752	0	0	0	0	0.02059	0	0	8.86403	0.07417	0	0	0.01271	0	0	0.56643	0	0	0.21358	0.78151	0.94955	0	0	0	0	0	0	0	0	0	0	0	0	0.64186	0	0	0	0	0	0	0	0	0	0	0	0	0	0	0	0	0	0	0	0	0	0	0.32976	0.13309	0	0	0	0	1.22245	0.0306	0	0	0	0	0	0	0	0	0	0	15.7746	0	0	0	0	0	0
0325-1	0	0	0	0.15794	0.18442	0	0.22962	0	0.02928	0	0	0	0	0.22014	2.38837	0	0.09452	0	0.04996	0	6.13012	0	31.57602	0	0	0	0	0	0	0	0	0	0	0	0	0	0.01431	17.30339	0	0	1.03223	0	0	0	0	0.0569	0.01077	0	0.03853	0	0	0	0.85073	0.48667	17.08465	0.19694	0	0	0	0	0	0.1664	0	0	0.03999	0	0	0	0	0	0.86753	0	0	3.14523	0	0	0	1.1117	0	0.18857	0	0	0	0	0	0	0	0	0.01857	0	0	0	0	0	0	0	0	0	0	0	0	0	0	0	0	0	0	0.01747	0.08342	0.18705	0	7.82019	0	0	0	0	0	0.01354	0	0	3.86805	4.33679	0	0	0	0	0
0325-1FF	0	0	0	0.05799	0.10358	0	0.49103	0	0.06444	0	0	0	0	0.17197	0.54663	0	0.06437	0	0	0	1.92312	0	11.85644	0	0	0	0	0	0	0	0	0	0	0.00296	0	0	0.0132	5.42653	0	0	0.2974	0	0	0	0	0.0072	0	0	0	0	61.59719	0	0.46408	0.71457	6.47296	0.0336	0	0	0	0	0	0.04608	0	0	0.04333	0.0383	0	0	0	0	0.32799	0	0	1.17253	0	0	0	1.64652	0	0.0077	0	0	0	0	0	0	0	0	0.01581	0	0	0	0	0	0	0	0	0	0	0	0	0	0	0	0	0	0	0.01068	0.02222	0.05062	0	3.30862	0	0	0	0	0	0	0	0	1.67251	1.32783	0	0	0	0	0
0325-4	0	0	0	0.23824	0.39284	0	0	0	0.01095	0	0	0	0	0	2.44468	0	0.32509	0	0.03004	0	0	0	39.02455	0	0	0	0	0	0	0	0	0	0	0	0	0	0	2.29591	0	0	5.64816	0	0	0	0	7.99133	0.30287	0	0	0	0	0	1.98761	0	13.77227	0	0	0	0	0	0	0.46861	0	0	0.57341	0.03304	0.14116	0	0	0	2.59848	0	0	0	0	0	0	3.09023	0	0.28352	0	0	0	0	0	0	0	0	0	0	0	0	0	0	0	0	0	0	0	0	0	0	0	0	0	0	0	0	0.35495	0.03892	0	13.43544	0	0	0	0	0	0	0	0	4.51772	0	0	0	0	0	0
0325-4FF	0	0	0	0.10025	0.32309	0	0	0	0.15342	0	0	0	0	0	3.0767	0	0.29939	0	0	0	0	0	24.34452	0	0	0	0	0	0	0	0	0	0	0	0	0	0	3.04932	0	0	8.55902	0	0	0	0	6.38871	0.21453	0	0	0	0	0	2.34358	0	9.33048	0.02552	0	0	0	0	0	1.8376	0	0	0.35122	0.04986	0.10953	0	0	0	2.1345	0	0	0	0	0	0	10.49669	0	0.1209	0.00966	0	0	0	0	0	0	0	0	0	0	0	0	0	0	0	0	0	0	0	0.26256	0	0	0	0	0	0	0	0.27445	0.04894	0	23.2807	0	0	0	0	0	0	0.02041	0	2.79447	0	0	0	0	0	0
0325-5	0	0	0	0.19154	0.21544	0	0	0	2.51794	0	0	0	0.07076	0.39747	1.64007	0	0.26465	0	0	0	0	0	18.08009	0	0	0	0	0	0	0	0	0	0	0	0	0	0	0.30719	0	0	5.2544	0	0	0	0	4.12224	0.04962	0	0	0	0	0	0.85936	0	12.01023	0	0	0	0	0	0	0.11883	0	0	0.15481	0.03564	0.21191	0	0	0	1.89629	0	0	0.36634	0	0	0	1.14438	0	2.37624	0	0	0	0	0	0	0	0	0	0	0	0	0	0	0	0	0	0.05461	0	0	0.00792	0	0	0	0	0	0	0	0.19621	0.03916	0	7.98546	0	0	0	0	0	0	0	0	39.4312	0	0	0	0	0	0
0325-5FF	0	0	0	0.13234	0.10232	0	0	0	1.99666	0	0	0	0	0.40754	1.7704	0	0.11793	0	0	0	0	0	14.2172	0	0	0	0	0	0	0	0	0	0	0	0	0	0	0.325	0	0	4.19339	0	0	0	0	2.58417	0.01613	0	0	0	1.4758	0	1.52355	0	9.23634	0	0	0	0	0	0	0.26706	0	0	0.12097	0.15569	0.17381	0	0	0	1.79274	0	0	0.37077	0	0	0	2.59725	0	1.74194	0	0	0	0	0	0	0	0	0	0	0	0	0	0	0	0	0	0.11681	0	0	0.00671	0	0	0	0	0	0	0	0.27529	0	0	14.01314	0	0	0	0	0	0	0	0	40.26905	0	0	0	0	0	0
0361-1	0	0	0	0.0165	0.36752	0	0	0	0	0	0	0	0	0	0	0	0.28622	0	0.01956	0	8.93635	0	11.88862	0	0	0	0	0	0	0	0.14858	0	0	0	0	0	0	0	0	0	1.97861	0	0	0.01373	0	44.99539	1.40374	0	0	0	14.98879	0	0.25634	0	4.74611	0.2041	0	0	0	1.08102	0	7.63726	0	0	0	0	0.18487	0	0	0	0	0	0	0	0	0	0	0.04327	0.20632	0.25173	0	0	0	0	0	0	0	0	0	0	0	0	0	0	0	0	0	0	0	0	0	0	0	0	0	0	0	0	0	0	0	0	0	0	0	0	0	0	0	0	0.3454	0	0	0	0	0	0
0361-1FF	0	0	0	0	0.07729	0	0	0	0	0	0	0	0	0	0	0	0.06506	0	0.00396	0	1.10714	0	4.65787	0	0	0	0	0	0	0	0	0	0	0	0	0	0	0	0	0	0.04652	0	0	0	0	7.4442	0.74462	0	0	0	82.84266	0	0.10839	0	2.07275	0	0	0	0	0.16441	0	0.52088	0	0	0	0	0.14426	0	0	0	0	0	0	0	0	0	0	0	0	0	0	0	0	0	0	0	0	0	0	0	0	0	0	0	0	0	0	0	0	0	0	0	0	0	0	0	0	0	0	0	0	0	0	0	0	0	0	0	0	0	0	0	0	0	0	0	0
0361-4	0	0	0	0.14516	0	0	0	0	0	0	0	0	0	0	0.37206	0	0	0	0	0	0	0	32.00245	0	0	0	0	0	0	0	3.61034	0	0	0	0	0	0	0	0	0	0.39165	0	0	0	0	7.15541	0.50517	0	0	0	0	0	0.02723	0	7.15385	0	0	0	0	0	0	12.47195	0	0	0	0.00154	0.0297	0	0	0	0	0	0	0	0	0	0	0.01215	0	0	0	0	0	0	0	0	0	0	0	0	0	0	0	0	0	0	0	0	0	0	0	0	0	0	0	0	0	0	0	0	0	0	0	0.02456	0	0	0	0	0	0	36.09678	0	0	0	0	0	0
0361-4FF	0	0	0	0.21298	0	0	0	0	0	0	0	0	0	0	1.22395	0	0	0	0	0	0	0	34.54733	0	0	0	0	0	0	0	5.61848	0	0	0	0	0	0	0	0	0	0.50917	0	0	0	0	10.51291	0.51537	0	0	0	0	0	0.0344	0	8.54454	0	0	0	0	0	0	5.90156	0	0	0.00809	0	0.04338	0	0	0	0	0	0	0	0	0	0	0.00371	0	0	0	0	0	0	0	0	0	0	0	0	0	0	0	0	0	0	0	0	0	0	0	0	0	0	0	0	0	0	0	0	0	0	0	0.0302	0	0	0	0	0	0	32.29391	0	0	0	0	0	0
0361-5	0	0	0	0.74805	0.02299	0	0	0	0	0	0	0.27402	0	0	0	0	0.01676	0	0	0	0	0	22.62457	0	0	0	0	0	0	0	2.32411	0	0	0	0	0	0	0	0	0	2.75824	0	0	0	0	7.79731	0.2068	0	0	0	0.83933	0	0.05463	0	19.47252	0	0	0	0	0	0	7.71032	0	0	0	0	0.07192	0	0	0	0	0	0	0	0	0	0	0.00749	1.1054	0.24026	0	0	0	0	0	0	0	0	0	0	0	0	0	0	0	0	0	0	0.419	0	0	0	0	0	0	0	0	0	0	0.0056	0	0	0	0	0	0	0	0	0	0	33.30069	0	0	0	0	0	0
0361-5FF	0	0	0	0.46047	0.04907	0	0.00622	0	0	0	0	0.20206	0	0	0.01481	0	0.02091	0	0	0	0	0	17.69801	0	0	0	0	0	0	0	2.27589	0	0	0	0	0	0	0	0	0	1.5225	0	0	0	0	6.90102	0.31751	0	0	0	38.5527	0	0.05155	0	11.54081	0	0	0	0	0	0	3.47939	0	0	0	0	0.17896	0	0	0	0	0	0	0	0	0	0	0.00657	0.84666	0.10753	0	0	0	0	0	0	0	0	0	0	0	0	0	0	0	0	0	0	0.10254	0	0	0	0	0	0	0	0	0	0	0	0	0	0	0	0	0	0	0	0	0	15.66483	0	0	0	0	0	0
0389-1	0	0	0	0.0506	0.16039	0	0	0	0	0	0	0	0	0	3.49151	0	0.19038	0	0	0	4.1885	0	6.34599	0	0	0	0	0	0	0	0	0	0	0.01429	0	0	0	10.74339	0	0	8.71406	0	0	0	0	7.07954	0	0	0.02197	0	0	0	0	0	3.81957	0	0	29.6269	0	0	0	8.38775	0	0	0.03348	0.00573	0.08138	0	0	0	0	0	0	0.06455	0	0	0	0	0	0.1599	0	0	0	0	0	0	0	0	0	0	0	0	0	0	0	0	0	0	0	0	0	0	0	0.34778	0	0	0	0.00849	0.03195	0	0	0.00544	0	0	0	0	0	0	0	0	16.36852	0.05795	0	0	0	0	0
0389-1FF	0	0	0	0.01026	0.04373	0	0	0	0	0	0	0	0	0	0.546	0	0.04648	0	0.00237	0	2.69836	0	8.80635	0	0	0	0	0	0	0	0	0	0	0	0	0	0	7.49497	0	0	2.09351	0	0	0	0	2.25848	0.02509	0	0.001	0	0	0	0	0	1.61837	0.00888	0	65.63345	0	0	0	2.18867	0	0	0.00731	0.00235	0.1982	0	0	0	0	0	0	0.01669	0	0	0	0	0	0.00944	0	0	0	0	0	0	0	0	0	0	0	0	0	0	0	0	0	0	0	0	0	0	0	0.11244	0	0	0	0.00678	0.00617	0	0	0	0	0	0	0	0	0	0	0	6.14958	0.01507	0	0	0	0	0
0389-4	0	0	0	0.03258	0	0	0	0	0	0	0	0	0	0	0.31614	0	0	0	0	0	22.80112	0	13.42425	0	0	0	0	0	0	0	0	0	0	0	0	0	0	27.8908	0	0	2.04099	0	0	0	0	2.77223	0.11542	0	0.0415	0	0	0	0.12624	0.59896	0.4114	0	0	9.90175	0	0	0	0.83429	0	0	0.06691	0	0.09126	0	0	0	0	0	0	0	0	0	0	0	0	8.4233	0	0	0	0	0	0	0	0	0	0	0	0.00277	0	0	0.00068	0	0	0	0	0	0	0	0	0	0	0	0	0	0.00287	0	0	0	0	0	0	0	0	0	0	0	9.75464	0.34991	0	0	0	0	0
0389-4FF	0	0	0	0.04351	0	0	0.00193	0	0	0	0	0	0	0	0.42629	0	0	0	0	0	15.03539	0	19.39065	0	0	0	0	0	0	0	0	0	0	0	0	0	0	20.1445	0	0	2.60448	0	0	0	0	2.44844	0.09373	0	0.03526	0	2.14621	0	0.08744	0.76111	1.01568	0	0	5.93416	0	0	0	1.42007	0	0	0.04166	0.00256	0.11111	0	0	0	0	0	0	0	0	0	0	0.01722	0	20.73278	0	0	0	0	0	0.01784	0	0	0.01664	0	0	0.00347	0	0	0	0	0	0	0	0	0	0	0	0	0	0	0	0	0.00456	0	0	0	0	0	0	0	0	0	0	0	7.24518	0.21814	0	0	0	0	0
0389-5	0	0	0	0.07365	0	0	0	0	1.42359	0	0	0	0	0	0.78709	0	0	0	0.01775	0	6.081	0	49.79031	0	0	0	0	0	0	0	0	0	0	0	0	0	0	0.64792	0	0	2.35838	0	0	0	0	6.39075	0.82885	0	0	0	0	0	0.73125	0	1.64824	0	0	15.56319	0	0	0	0.94757	0	0	0.03706	0	0.38109	0	0	0	0	0	0	0	0	0	0	0.12066	0.02068	0.4048	0	0	0	0.36054	0	0.01281	0	0	0.02164	0	0	0	0	0	0	0	0	0	0	0	0	0	0	0	0	0	0	0.02706	0.0098	0	0	0	0	0	0	0	0	0	0	0	11.27267	0.04168	0	0	0	0	0
0389-5FF	0	0	0	0.01661	0	0	0	0	1.49411	0	0	0	0	0	0.52622	0	0	0	0	0	4.13178	0	44.40313	0	0	0	0	0	0	0	0	0	0	0	0	0	0	0.3338	0	0	1.57083	0	0	0	0	3.6016	0.51485	0	0	0	19.87755	0	0.51699	0	2.33182	0	0	11.02343	0	0	0	1.98773	0	0	0.02791	0	0.29586	0	0	0	0	0	0	0	0	0	0	0.15554	0.01797	0.20378	0	0	0	0.18937	0	0.01177	0	0	0.01558	0	0	0	0	0	0	0	0	0	0	0	0	0	0	0	0	0	0	0.01452	0.01207	0	0	0	0	0	0	0	0	0	0	0	6.71323	0.01193	0	0	0	0	0
0406-1	0	0	0.35885	7.6796	0	0	0	0	0	0	0	0	0	0	0	0	0	0.0116	0	0	0	0	23.13496	0	0	0	0	0	0	0	0	0	0	0.16126	0	0	0	4.6082	0	0	0.01522	0.03131	0.05105	0	0	8.07082	0	0	0	0	0	0	0	0.05495	6.24276	0	0	0	0	0	0	0	0	0	0.54609	0	0	0	0	0	0.2534	0	0	0	0	0	0	0.20425	0	0	0	0	0	0	0	0	0	0	0.224	0	0	0	0	0	0	0	0	0	0	0	0	0	0	0	0	0	0	0	0	0.02508	0	0	0	0	0	0	0	0	0	0	48.3266	0	0	0	0	0	0
0406-1FF	0	0	0.02224	2.88946	0	0	0	0	0	0	0	0	0	0	0	0	0.00842	0	0	0	0	0	31.02497	0	0	0	0	0	0	0	0	0	0	0.09822	0	0	0	7.35319	0	0	0.11214	0.00301	0	0	0	7.3096	0.09279	0	0	0	0	0	0	9.78556	17.80749	0	0	0	0	0	0	0	0	0	0.18292	0	0	0	0	0	0.28318	0	0	0	0	0	0	1.19569	0	0	0	0	0	0	0	0	0	0	0.11824	0	0	0	0	0	0	0	0	0	0	0	0	0	0	0	0	0	0	0	0	0	0	0	0	0	0	0	0	0	0	0	21.71287	0	0	0	0	0	0
0406-4	0	0	0	1.41645	0	0	0	0	0	0	0	0	0	0	0	0	0	0	0	0	0	0	56.42347	0	0	0	0	0	0	0	0	0	0	0	0	0	0	22.40108	0	0	0	0	0	0	0	2.66375	2.06799	0	0.08225	0	0	0	0	0	12.74761	0	0	0	0	0	0	0.56088	0	0	0	0.01074	0.19151	0	0	0	0	0	0	0	0	0	0	0	0	0	0	0	0	0	0	0	0	0	0	0	0	0	0	0	0	0	0	0	0	0	0	0	0	0	0	0	0	0	0	0	0	0.69814	0	0	0	0	0	0	0	0	0.73614	0	0	0	0	0	0
0406-4FF	0	0	0.04422	1.07344	0	0	0	0	0	0	0	0	0	0.09714	0.36295	0	0	0	0.50882	0	0	0	57.16422	0	0	0	0	0	0	0	0	0	0	0.06191	0	0	0	10.46395	0	0	0.3947	0	0	0	0	5.49536	0.8113	0	0.00389	0	0	0	0.08113	0	13.98867	0.07854	0	0	0	0	0	1.14415	0	0	0.03394	0.04982	0.0739	0	0	0	0	0	0	0	0	0	0	1.11488	2.12807	0.2416	0	0	0	0	0	0	0	0	0.04008	0	0	0	0	0	0.05108	0	0	0	0	0	0	0	0	0	0	0	0	0	0	0	0	3.07442	0	0	0	0	0	0	0	0	1.41783	0	0	0	0	0	0
0406-5	0	0	0	0.28323	0.15193	0	0	0	0	0	0	0	0	0	0	0	0.29178	0	0	0	0	0	44.13363	0	0	0	0	0	0	0	0	0	0	0	0	0	0	9.22805	0	0	0.91361	0	0	0	0	3.57179	0.25436	0	0	0	0	0	0	2.83995	27.42271	0	0	0	0	0	0	0.683	0	0	0.02403	0.06016	0	0	0	0	0	0	0	0	0	0	0	0.85072	0	1.69199	0	0	0	0	0	0	0	0	0	0	0	0	0	0	0	0	0	0	0	0	0	0	0	0	0	0	0	0	0	0	0	0.36167	0	0	0	0	0	0	0	0	6.85138	0	0	0	0	0	0.38599
0406-5FF	0	0	0	0.28953	0.15775	0	0	0	0	0	0	0	0	0.04328	0.2931	0	0.28335	0	0.05193	0	0	0	38.20382	0	0	0	0	0	0	0	0	0	0	0.03117	0	0	0	7.59771	0	0	1.41084	0	0	0	0	7.6409	0.17322	0	0	0	18.07767	0	0	1.46573	12.4579	0	0	0	0	0	0	2.5508	0	0	0.01837	0.05536	0.00309	0	0	0	0	0	0	0	0	0	0	2.77612	0	0.61024	0	0	0	0	0	0	0	0	0.00623	0	0	0	0	0	0	0	0	0	0	0	0	0	0	0	0	0	0	0	0	0	0	2.93793	0	0	0	0	0	0	0	0	2.74182	0	0	0	0	0	0.12213
0415-1	0	0	0	0.31081	0	0	0	0	0	0	0	0	0	0	1.38879	0	0	0	0	0	12.87858	0	74.03172	0	0	0	0	0	0	0	0	0	0	0	0	0	0	0	0	0	0	0	0	0	0	0.03055	1.12399	0	0	0	0	0	1.17566	0	1.1793	0	0	0	0	0	0	0	0	0	0	0.0097	0.10514	0	0	0	0	0	0	0	0	0	0	0	0	0.00889	0	0	0	0	0	0	0	0	0	0	0	0	0	0	0	0	0	0	0	0	0	0	0	0	0	0	0	0.00704	0	0.05918	0	0	0	0	0	0	0	0	0	0	7.69065	0	0	0	0	0	0
0415-1FF	0	0	0	0.38136	0	0	0	0	0	0	0	0	0	0	1.30572	0	0	0	0	0	9.72858	0	75.78553	0	0	0	0	0	0	0.00513	0	0	0	0.00433	0	0	0	0	0	0	0.04486	0	0	0	0	0.08673	0.50119	0	0	0	0	0	2.00934	0.06679	1.31846	0	0	0	0	0	0	0.1462	0	0	0	0.02331	0.04053	0	0	0	0	0	0	0	0	0	0	0	0	0.00528	0	0	0	0	0	0	0	0	0	0	0	0	0	0	0	0	0	0	0	0	0	0	0	0	0	0	0	0.01891	0	0.10289	0	0	0	0	0	0.00906	0	0	0	0	8.41581	0	0	0	0	0	0
0415-4	0	0	0	0.05297	0	0	0	0	0	0	0	0	0	0	6.5775	0	0	0	0	0	2.61106	0	67.91558	0	0	0	0	0	0	0	0	0	0	0	0	0	0	0	0	0	0.38692	0	0	0	0	0.52766	1.12371	0	0	0	0	0	1.91023	0.05247	1.06215	0.10381	0	0	0	0	0	0.08754	0	0	0	0	0.11069	0	0	0	0	0	0	0	0	0.34623	0	0.40562	0	0.20033	0.00501	0	0	0	0	0	0	0	0	0	0	0	0	0	0	0	0	0	0	0	0	0	0	0	0	0	0	0	0.00294	0	0	0	0	0	0	0.24303	0	0	0	0	16.27456	0	0	0	0	0	0
0415-4FF	0	0	0	0	0	0	0	0	0	0	0	0	0	0	7.08124	0	0	0	0	0	2.41762	0	47.60492	0	0	0	0	0.04499	0	0	0	0	0	0	0	0	0	0	0	0	0.3558	0	0	0	0	0.27761	1.06357	0	0	0	20.51312	0	2.71277	0.08282	1.00675	0.0615	0	0	0	0	0	0.14918	0	0	0	0.01018	0.06729	0	0	0	0	0	0	0	0	0.22185	0	1.1381	0	0.14929	0	0	0	0	0	0	0	0	0	0.30293	0	0	0	0	0	0	0	0	0	0	0	0	0	0	0	0	0	0	0.03109	0	0	0	0	0	0	0.04469	0	0	0	0	14.6627	0	0	0	0	0	0
0415-5	0	0	0	0	0	0	0	0	0	0	0	0	0	0	3.75066	0	0	0	0	0	7.70755	0	61.17022	0	0	0	0	0	0	0	0	0	0	0	0	0	0	0	0	0	0.2546	0	0	0	0	0.51594	1.70668	0	0	0	0	0	0.8413	0.2577	1.07416	0.01619	0	0	0	0	0	0.06947	0	0	0	0	0.16931	0	0	0	0	0	0	0	0	0.10094	0	0	0	0.50361	0	0	0	0	0	0	0	0	0	0	0	0	0	0	0	0	0	0	0	0	0	0	0	0	0	0	0	0	0	0	0	0	0	0	0	0.01933	0	0	0	0	21.84234	0	0	0	0	0	0
0415-5FF	0	0	0	0.00175	0	0	0	0	0	0	0	0	0	0	7.24572	0	0	0	0	0	7.01898	0	45.50505	0	0	0	0	0	0	0	0	0	0	0	0	0	0	0	0	0	0.24707	0	0	0	0	0.28207	1.2191	0	0	0	0.09304	0	1.36517	1.58165	0.8631	0.00976	0	0	0	0	0	0.20035	0	0	0	0	0.12651	0	0	0	0	0	0	0	0	0.12957	0	0.01387	0	0.68779	0	0	0	0	0	0	0	0	0	0.23359	0	0	0	0	0	0	0	0	15.85932	0	0	0	0	0	0	0	0	0	0.08846	0	0	0	0	0	0	0.08066	0	0	0	0	17.14741	0	0	0	0	0	0
0433-1FF	0.00504	0	0	0.67688	0	0	0	0	0	0	0	0	0	0	0.48678	0	0	0	0	0	17.25607	0	35.28983	0	0	0	0	0	0	0	0	0	0	0.01704	0	0	0	4.49208	0	0	0	0	0	0	0	17.77888	0.7363	0	0	0	0	0	0.11134	2.12187	9.7012	0	0	1.24102	0	0.31317	0	2.87602	0	0	0.17834	0	0.08467	0	0	0	0	0	0	0	0	0	0	0.0183	0	0.2429	0	0	0	0	0	0	0	0	0.02891	0	0	0	0	0	0	0	0	0	0	0	0	0	0	0	0	0	0	0.65186	0	0	0	0	0	0	0	0	0	0	0	0	5.55772	0.13376	0	0	0	0	0
0433-4	0	0	0.01182	0.44985	0	0.00834	0.01184	0	0	0	0	0	0.02074	0	1.43373	0	0	0.00107	0	0	30.90444	0	21.8776	0	0	0	0	0	0	0	0	0	0	0.0288	0	0	0.00638	11.53405	0	0	0	0	0	0	0	11.43811	0.66433	0	0.00803	0	0	0	0.03594	0.11952	12.25294	0.09828	0	0.27247	0.01113	0.62444	0	2.45809	0	0	0.02773	0.22345	0.08996	0	0	0	0	0	0	0	0	0	0	0.08748	0.04248	0.43338	0	0	0	0	0	0	0	0	0.04437	0	0	0	0	0	0	0	0	0	0	4e-04	0	0	0	0	0	0	0	0.24665	0.276	0	0	2.06848	0	0	0	0.05181	0	0	0	0	2.09582	0.04004	0	0	0	0	0
0433-4FF	0	0	0	0.17405	0	0	0.0248	0	0	0	0	0	0	0	2.36716	0	0	0	0	0	23.04115	0	18.43076	0	0	0	0	0	0	0	0	0	0	0	0	0	0	8.74233	0	0	0	0	0	0	0	14.84672	0.46316	0	0	0	0	0	0	0	12.58384	0.19425	0	0.20935	0	0.48662	0	1.86313	0	0	0.01932	0.236	0.07945	0	0	0	0	0	0	0	0	0	0	0.50135	0.30799	0.23293	0	0	0	0	0	0	0	0	0.04472	0	0	0	0	0	0	0	0	0	9.42305	0	0	0	0	0	0	0	0	0.34244	0	0	0	3.87812	0	0	0	0.00824	0	0	0	0	1.49907	0	0	0	0	0	0
0433-5	0	0	0	0	0	0	0	0	0	0	0	0	0	0	1.92649	0	0	0	0	0	63.94454	0	22.12085	0	0	0	0	0	0	0	0	0	0	0	0	0	0	3.81167	0	0	0	0	0	0	0	0	0.5708	0	0	0	0	0	0.35783	0.23304	4.50724	0	0	0.21714	0.00204	0	0.01023	0.07533	0	0	0	0.00352	0.23614	0	0	0	0	0	0	0	0	0	0	0	0	1.12509	0	0	0	0	0	0	0	0	0.33267	0	0	0	0	0	0	0	0	0	0	0.02474	0	0	0	0	0	0	0	0	0	0	0	0	0	0	0	0.45262	0	0	0	0	0.04801	0	0	0	0	0	0
0433-5FF	0	0	0	0.00286	0	0	0	0	0	0	0	0	0	0	9.07788	0	0	0	0.90347	0	41.07596	0	25.33773	0	0	0	0	0	0	0	0	0	0	0	0	0	0	10.22292	0	0	0	0	0	0	0	0.57966	0.94179	0	0.00448	0	0	0	0.71127	0.26756	8.14333	0.07321	0	0.6936	0	0	0.00285	0.30815	0	0	0	0.01043	0.31509	0	0	0	0	0	0	0	0	0.00529	0	0.01593	0	0.46902	0.00582	0	0	0	0	0.01935	0	0	0.3579	0	0	0	0	0	0	0	0	0	0	0.00931	0.02519	0	0	0	0	0	0	0	0	0	0	0.20611	0.00916	0	0	0.17453	0	0	0	0	0.02723	0	0	0.00293	0	0	0
0451-1FF	0	0	0	0.57936	0	0	0	0	0.69721	0	0	0	0	0	0	0	0	0	0	0	0	0	75.17421	0	0	0	0	0	0	0	0	0	0	0.01282	0	0	10.27215	2.38808	0	0	0	0	0	0	0	0.13171	0.0088	0.01676	0	0	0	0	0.20215	0	3.35227	0	0	0	0	0	0	0.45351	0	0	0.66202	0.07538	0.01472	0	0	0	0	0	0	0	0	0	0	0	0	0	0	0	0	0	0	0	0	0	0.05829	0	0	0	0	0	0	0	0	0	0	0	0	0	0	0	0	0	0	0	0.04513	0.04799	0.02976	0	0	0	0	0	0	0	0	0	5.77769	0	0	0	0	0	0
0451-4	0	0	0	0.04065	0.05298	0	0	0	0.7418	0	0	0	0	0	0.13051	0	0.06887	0	0.00638	0	0	0	59.38768	0	0	0	0	0	0	0	0	0	0	0	0	0	0	28.13061	0	0	0	0	0	0	0	0	0	0	0.00855	0	0.04503	0	0.62332	0	5.42834	0	0	0	0	0	0	0.05497	0	0	0.07731	0.0053	0	0	0	0	0	0	0	0	0	0	0	0.00491	0	1.73174	0	0	0	0	0	0	0	0	0.01163	0	0	0	0	0	0	0	0	0	0	0	0	0	0	0	0	0	0	0	0.08167	0	0	2.1167	0	0	0	0	0	0	0	0	1.25105	0	0	0	0	0	0
0451-4FF	0	0	0	0.05517	0.14872	0	0	0	1.44821	0	0	0	0	0	0.54769	0	0.15853	0	0.00556	0	0	0	50.85011	0	0	0	0	0	0.02245	0	0	0	0	0	0	0	0	30.16074	0	0	0	0	0	0	0	0	0	0	0.02251	0	0.01723	0	1.17396	0	6.37274	0.01347	0	0	0	0.00192	0	0.05516	0	0	0.18447	0.05301	0	0	0	0	0	0	0	0	0	0	0	0.11384	0	3.90093	0	0	0	0	0	0	0	0	0.0104	0	0	0	0	0	0	0	0	0	0	0	0	0	0	0	0	0	0	0	0.05649	0	0	3.42935	0	0	0	0	0	0	0	0	1.19735	0	0	0	0	0	0
0451-5	0	0	0	0.03857	0.17949	0	0	0	5.25588	0	0	0	0	0	0.02307	0	0.18319	0	0.00572	0	0	0	68.22495	0	0	0	0	0	0	0	0	0	0	0	0	0	0	7.85275	0	0	0	0	0	0	0	0	0	0	0	0	0	0	0.05922	0	13.34881	0.16094	0	0	0	0	0	0.01212	0	0	0.06279	0.0296	0	0	0	0	0	0	0	0.3468	0	0	0	0	0	0.33071	0	0	0	0	0	0	0	0	0	0	0	0	0	0	0	0	0	0	0	0	0	0	0	0	0	0	0	0	0.13546	0	0	1.27324	0	0	0	0	0	0	0	0	2.4767	0	0	0	0	0	0
0451-5FF	0	0	0	0.02233	0.4216	0	0	0	6.77778	0	0	0	0	0	0.36667	0	0.42066	0	0.41426	0	0	0	61.38509	0	0	0	0	0	0	0	0	0	0	0	0	0	0	11.06399	0	0	0	0	0	0	0	0	0	0	0	0	0	0	0.12174	0	13.28643	1.06245	0	0	0	0	0	0.13495	0	0	0.02868	0.04549	0	0	0	0	0	0	0	0.33918	0	0	0	0.11826	0	0.27299	0	0	0	0	0	0	0	0	0	0	0	0	0	0	0	0	0	0	0	0	0	0	0	0	0	0	0	0	0.24003	0	0	1.38885	0	0	0	0	0	0	0	0	2.08857	0	0	0	0	0	0
0479-1	0	0	0	0.25145	0	0	0	0	0.01765	0	0	0	0	0	0.14573	0	0	0	0	0	1.01306	0	7.39528	0	0	0	0	0	0	0	0	0	0	0	0	0	0.19869	41.52556	0	0	0.40086	0	0	0	0	5.16368	0	0	0.07679	0	0	0	0	1.247	9.96808	0	0	0.07579	0	0	0	0.00481	0	0	0	0	0	0	0	0	2.05321	0	0	0	0	0	0	0	0	0.09929	0	0	0	0	0	0	0	0	0.05029	0	0	0	0	0	0	0	0	0	0	0	0	0	0.01256	0	0	0	0	0	10.32591	0	0.00212	3.77442	0	0	0	0	0	0	0	0	16.19779	0	0	0	0	0	0
0479-1FF	0	0	0	0.05601	0	0	0.0464	0	0.15483	0	0	0	0	0.00124	0.25406	0	0	0	0.01685	0	0.40894	0	8.25421	0	0	0	0	0.02113	0	0	0	0	0	0.06604	0	0	0.1349	12.85054	0	0	0.58496	0	0	0	0	4.5305	0	0	0	0	9.41092	0	0	2.69516	6.11005	0.30541	0	0.03332	0	0	0	0.87624	0	0	0	0.06623	0	0	0.03721	0	2.96574	0	0	0	0	0	0	0	0	0.15322	0	0	0	0	0	0	0	0	0.0401	0	0	0	0	0	0	0	0	0	25.36819	0	0.05933	0	0.13797	0	0	0	0	0	8.19882	0.01083	0.34155	7.03831	0	0	0	0	0	0.03685	0	0	8.73392	0	0	0	0	0	0
0479-4	0	0	0	0	0	0	0	0	0	0	0	0	0	0	0.19256	0	0	0	0	0	0	0	12.13016	0	0	0	0	0	0	0	0	0	0	0	0	0	0	1.49927	0	0	0.36661	0	0	0	0	4.53917	0	0	0	0	0	0	0	0	8.16631	0.00515	0	0.68063	0	0	0	0.03512	0	0	0.07892	0	0	0	0	0	69.23036	0	0	0	0	0	0.00527	0	0	0	0	0	0	0	0	0	0	0	0	0	0	0	0	0	0	0	0	0	0	0	0	0	0	0	0	0	0	0	0.00224	0	0	0.08687	0	0	0	0	0	2.20923	0	0	0.77213	0	0	0	0	0	0
0479-4FF	0	0	0	0	0	0	0	0	0	0	0	0	0	0	1.44971	0	0	0	0.03378	0	0	0	14.08609	0	0	0	0	0	0	0	0	0	0	0	0	0	0	1.07014	0	0	0.67528	0	0	0	0	4.61337	0	0	0	0	23.34014	0	0	0	4.34561	0.02256	0	0.70094	0	0	0	0.01553	0	0	0.00948	0	0	0	0	0	45.9759	0	0	0	0	0	0	0	0.02412	0.02408	0	0	0	0	0	0	0	0	0	0	0	0	0	0	0	0	0	0	0	0	0	0	0	0	0	0	0	0	0	0	0	1.31835	0	0	0	0	0	1.60723	0	0	0.68769	0	0	0	0	0	0
0479-5	0	0	0	0	0	0	0	0	0	0	0	0	0	0	0.00376	0	0	0	0	0	0	0	22.34445	0	0	0	0	0	0	0	0	0	0	0	0	0	0	1.75392	0	0	1.17961	0	0	0	0	6.26749	0	0	0	0	17.44363	0	0	0	2.60198	0.05609	0	0.01637	0	0	0	0.22941	0	0	0.08742	0	0.24723	0	0	0	21.69801	0	0	0	0	0	0	0	0.10601	0	0	0	0	0	0	0	0	0	0	0	0	0	0	0	0	0	0	0	0	0	0	0	0	0	0	0	0	0	0	0.07914	0	6.93839	0	0	0	0	0	0.49265	0	0	18.3534	0.10107	0	0	0	0	0
0479-5FF	0	0	0	0.01248	0	0	0	0	0	0	0	0	0	0	0.53506	0	0	0	0.22734	0	0	0	22.68498	0	0	0	0	0	0	0	0	0	0	0.0065	0	0	0	1.27995	0	0	2.09359	0	0	0	0	7.57742	0.01642	0	0	0	6.50116	0	0.02447	0	2.68369	0.08178	0	0.05502	0	0.01002	0	0.75752	0	0	0.16814	0	0.4195	0	0	0	30.4869	0	0	0.0267	0	0	0.01115	0	0.10692	0	0	0	0	0	0	0	0	0	0	0	0	0	0	0	0	0	0	0	0	0	0	0	0	0	0	0	0	0	0	0.04436	0	9.52053	0	0	0	0	0	0.48265	0	0	14.08877	0.09697	0	0	0	0	0
0497-1	0	0	0	0	0	0	0	0	0	0	0	0	0	0	0.01061	0	0	0	0	0	0.07959	0	54.07839	0	0	0	0	0	0	0	0	0	0	0	0	0	0	4.90195	0	0	0.53053	0	0	0	0	22.79882	0.3099	0	0	0	0	0	0.92568	0	0.66552	0.51686	0	0.19707	0	0	0	1.78223	0	0	0.02616	0.03265	0.01916	0	0	0	3.8831	0	0	0	0	0	0	0.33163	0.08088	0.13605	0	0	0	0.06809	0	0	0	0	0	0	0	0	0	0	0	0	0	0	0	0	0	0	0	0	0	0	0	0	0.32009	0	0	0.10151	0	0	0	0	0	0	0	0	8.20353	0	0	0	0	0	0
0497-1FF	0	0	0	0	0	0	0.0346	0	0	0	0	0	0	0	0.30746	0	0	0	0.41108	0	0.05963	0	47.14393	0	0	0	0	0	0	0	0	0	0	0	0	0	0	5.05493	0	0	0.40267	0	0	0	0	20.82728	0.50621	0	0	0	4.38441	0	0.39364	0	4.53027	1.02318	0	0.12813	0	0	0	2.11262	0	0	0	0.10103	0.02968	0	0	0	2.39343	0	0	0	0	0	0	0.87004	0.04497	0.08395	0	0	0	0	0	0	0	0	0	0	0	0	0	0	0	0	0.07534	0	0	0	0	0	0	0	0	0	0	0	0.30802	0	0	0.12142	0	0	0	0	0	0	0	0	8.65209	0	0	0	0	0	0
0497-4	0	0	0	0.06538	0.01902	0	0	0	0	0	0	0	0	0	0.44165	0	0.02626	0	0.19286	0	1.46449	0	50.65767	0	0	0	0	0	0	0	0	0	0	0	0	0	0	6.6629	0	0	1.13021	0	0	0	0	10.7202	0	0	0	0	0	0	4.23975	0.06143	0.95984	0.44222	0	0.6462	0	0	0	0.46359	0	0	0.02881	0.09577	0	0	0	0	3.38317	0	0	0	0	0	0	0.66452	0	1.06647	0	0	0	0	0	0	0	0	0	0	0	0	0	0	0.00208	0	0	0	0	0	0	0	0	0	0	0	0	0	0.06342	0.06915	0	0.01471	0	0	0	0	0	0	0	0	16.41821	0	0	0	0	0	0
0497-4FF	0	0	0	0.075	0.07919	0	0	0	0	0	0	0	0	0	4.9534	0	0.08964	0	0.15753	0	1.25707	0	41.46856	0	0	0	0	0	0	0	0	0	0	0	0	0	0	4.69709	0	0	2.02235	0	0	0	0	9.94299	0	0	0	0	0	0	5.14851	0.4512	1.29184	0.5444	0	0.45298	0	0	0	2.34472	0	0	0.02808	0.21918	0	0	0	0	3.7627	0	0	0	0	0	0	1.31291	0	7.72176	0	0	0	0	0	0	0	0	0.01543	0	0	0	0	0	0.00553	0	0	0	0	0	0	0	0	0	0	0	0	0	0.02555	0.06711	0	0.02588	0	0	0	0	0	0	0	0	11.8394	0	0	0	0	0	0
0497-5	0	0	0	0.07808	0.17611	0	0	0	0	0	0	0	0	0	0.28144	0	0.19782	0.01371	0.08726	0	0.18041	0	20.48179	0	0	0	0	0	0	0	0	0	0	0	0	0	0	4.02137	0	0	0.63208	0	0	0	0	5.29943	0	0	0	0	0	0	0.93588	0	0.86323	0.4443	0	2.22171	0	0	0	0.03913	0	0	0.00887	0.60312	0	0	0	0	1.48592	0	0	0	0	0	0	5.81726	0	0.04869	0	0	0	0	0	0	0	0.07758	0.10117	0	0	0	0	0	0.02988	0	0	0	0	0	0	0	0	0	0	0	0	0	0.25699	0.02354	0	0.04039	0	0	0.00139	0	0	0	0	0	55.55144	0	0	0	0	0	0
0497-5FF	0	0	0	0.04506	0.19917	0	0.01366	0	0	0.51534	0	0	0	0	2.22402	0	0.23376	0	2.52058	0	0.15287	0	15.21995	0	0	0	0	0	0	0	0	0	0	0	0	0	0	3.30007	0	0	1.07882	0	0	0	0	3.73921	0	0	0.00293	0	8.4509	0	1.47206	1.5662	1.86786	0.29629	0	1.71113	0	0.00506	0	0.0176	0	0	0.04679	0.4274	0	0	0	0	2.04207	0	0	0	0	0	0	9.49041	0	2.59225	0	0	0	0	0	0	0	0.68801	0.0574	0	0.00456	0	0	0.0035	0.50347	0	0	0	0	0	0	0	0	0	0	0	0	0	0.35649	0	0	0.41786	0.10887	0	0	0	0	0	0	0	38.62836	0	0	0	0	0	0
0523-1	0	0	0	0	0	0	0	0	0	0	0	0	0	0	0.41844	0	0	0	0.03639	0	20.09891	0	32.33371	0	0	0	0	0	0	0	0	0	0	0	0	0	0	17.25861	0	0	0	0	0	0	0	1.16398	0	0	0.02464	0	2.8201	0	0.80979	0	20.42369	0	0	0	0	0	0	2.38053	0	0	0	0	0	0	0	0	0	0	0	0	0	0	0	0.07856	0	0	0	0	0	0	0	0	0	0	0	0	0	0	0	0	0	0	0	0	0	0	0	0	0	0	0	0	0	0.01016	0	0	0	0	0	0	0	0	0	1.02129	0	0	1.1212	0	0	0	0	0	0
0523-1FF	0	0	0	0	0	0	0.01317	0	0	0	0	0	0	0	4.7465	0	0	0	0	0	12.93474	0	20.18734	0	0	0	0	0	0	0	0	0	0	0	0	0	0	11.17213	0	0	0	0	0	0	0	0.72178	0	0	0.00282	0	30.48829	0	0.66194	0	14.96074	0.12376	0	0	0	0	0	2.287	0	0	0.00775	0.01068	0	0	0	0	0	0	0	0	0	0	0	0.02454	0	0	0	0	0	0	0	0.0043	0	0	0	0	0	0	0	0	0	0	0	0	0	0	0	0	0	0	0	0	0	0.0099	0	0	0	0	0	0	0	0	0	0.53322	0	0	1.10939	0	0	0	0	0	0
0523-4	0	0	0	0	0	0	0.16289	0	0	0	0	0	0	0	4.96284	0	0	0	0.0831	0	16.49528	0	31.39408	0	0	0	0	0	0	0	0	0	0	0	0	0	0	11.20245	0	0	0.02934	0	0	0	0	11.39907	1.15433	0	0	0	0	0	2.2948	0	14.36237	0.00759	0	0	0	0	0	0.14107	0	0	0	0.01665	0.11166	0	0	0	0	0	0	0	0	0	0	0.16112	0.22993	0	0	0	0	0	0	0.23693	0	0	0	0	0	0	0	0	0	0	0	0	0.07323	0	0	0	0	0	0	0	0	0	0	0	0	0	0	0	0	0	0	3.0974	0	0	2.38387	0	0	0	0	0	0
0523-5	0	0	0	0.00566	0	0	0.00707	0	0.05805	0	0	0	0	0	15.3691	0	0	0	0.14669	0	7.68554	0	10.2417	0	0	0	0	0	0	0	0	0	0	0	0	0	0.51535	17.19778	0	0	0.13778	0	0	0	0	13.64493	0.05775	0	0.01103	0	0.85175	0	2.05346	0.3863	13.11347	0	0	0	0	0	0	0.07542	0	0	0.05273	0	0	0	0	0	0	0	0	2.10797	0	0	0	4.81875	0	0.64248	0	0	0	0.01903	0	0	0	0	0	0	0	0	0	0	0.00201	0	0	0.00295	0	0	0	0	0	0	0	0	0	0.00887	0.57165	0	0	0	0	0	0	0	0	0.23638	0	0	8.78583	1.19251	0	0	0	0	0
0541-1A	0	0	0	1.83256	0	0	0	0	0	0	0	0	0	0	0	0	0	0.15408	25.23333	0	3.11703	0	6.3715	0	0	0	0	0	0	0	0	0	0	0	0	0	5.1838	3.41984	0	0	0.03663	0	0.01537	0	0	0.97628	0	0	0	0	0	0	6.3151	2.46669	0	1.43862	0	0	0	0	0	0	0.15908	0	0.46868	0	0	0	0.55661	0	0	0	0	0	5.28491	0	0	0	0	0	0	0	0.02087	0	0	0	0	0	3.62251	0	0	0	0	0	0.0177	0.04146	0	0	0	0	0	0.00608	1.55059	0	0	0	0	0	0	0	0	0	0	0	0	0	0	0	0	0	30.6833	0	0	0	0	1.02738	0
0541-1B	0	0	0	0.2697	0.08891	0	0	0	0	0	0	0	0	0	0.0641	0	0	0.14155	37.94551	0	1.0894	0	8.73942	0	0	0	0	0	0	0	0	0	0	0	0	0	2.7026	7.88088	0	0	0	0	0.1495	0	0	0.30146	0.01884	0	0	0	0.0164	0	13.84137	3.11536	0	2.22718	0	0	0	0	0	0	0.41824	0	0.05495	0	0	0	0.70258	0	0	0	0	0	0	0	0	0	0	0	0	0	0.0661	0	0	0	0	0	1.66993	0	0	0	0	0	0.01304	0.03471	0	0	0	0	0	0	4.20232	0	0	0	0	0	0	0	0	0	0	0	0	0	0	0	0	0	13.7033	0	0	0	0	0.54264	0
0541-4A	0	0	0	0.0089	0	0	0	0	0	0	0	0	0	0	12.67555	0	0	0	0	0	2.74627	0	11.245	0	0	0	0	0	0	0	0	0	0	0	0	0	0	22.18459	0	0	3.45949	0	0	0	0	20.24963	0	0	0.02462	0	0	0	1.29128	0	2.1519	0	0	0	0	0	0	5.91267	0	0	0.04401	0.0732	0	0	0	0	0	0	0	0.38626	0	0	0	0	0	0.09674	0	0	0	0	0	0	0	0	0	0	0	0	0	0	0	0	0	0	0	0	0	0	0	0	0	0	0	0.03656	0	0	0	0	0	0	0	0	0	0	0	0	17.41335	0	0	0	0	0	0
0541-4B	0	0	0	0.07971	0	0	0	0	0	0	0	0	0	0	14.37777	0	0	0	0	0	2.45181	0	6.79382	0	0	0	0	0	0	0	0	0	0	0	0	0	0.04795	16.08098	0	0	3.1443	0	0	0	0	18.86912	0	0	0.00857	0	16.44882	0	1.03549	0	1.88872	0	0	0	0	0	0	2.98826	0	0	0.0301	0.14855	0	0	0	0	0	0	0	0.51585	0	0.00673	0	0.10867	0	0.20758	0	0	0	0	0	0	0	0	0	0	0	0	0	0	0	0	0	0	0.04309	0	0	0	0	0	0	0	0	0.03413	0	0	0	0	0	0	0	0	0	0	0	0	14.68999	0	0	0	0	0	0
0541-5A	0	0	0	0.0644	0	0	0	0	0	0	0	0	0	0	1.51114	0	0	0	0	0	6.07456	0	6.07609	0	0	0	0	0	0	0	0	0	0	0	0	0	0	8.39432	0	0	1.83487	0	0	0	0	17.0363	0.0638	0.00404	0	0	14.14821	0	0.18027	0	1.90039	0	0	0	0	0	0	4.34318	0	0	0.05042	0.02834	0.03656	0	0	0	0	0	0	0	0	0.00299	0	0	0.20848	0.1448	0	0	0	0	0	0	0	0	0	0	0	0	0	0	0	0	0	0	23.46725	0	0	0	0	0	0	0	0	0	0	0	0	2.52959	0	0	0	0	0	0	0	0	11.89997	0	0	0	0	0	0
0541-5B	0	0	0	0.15703	0	0	0	0	0	0	0	0	0	0	2.39446	0	0	0	0	0	10.12562	0	9.74265	0	0	0	0	0	0	0	0	0	0	0	0	0	0	13.31856	0	0	0.98117	0	0	0	0	30.30932	0.20433	0	0.02	0	0.92201	0	0.79144	0	2.24023	0.01103	0	0	0	0	0	5.7156	0	0	0.22049	0.06045	0.05956	0	0	0	0	0	0	0	0	0	0	0.04226	0.49675	0.22255	0	0	0	0	0	0	0	0	0.00688	0	0	0	0	0	0	0	0	0	0.02192	0	0	0	0	0	0	0	0	0	0	0.02775	0	1.30505	0	0	0	0	0	0	0	0	20.59811	0	0	0	0	0	0.00479
0569-1A	0	0.15234	0	0	0.10263	0	0.08093	0	0	0	0	0	0	0	8.20619	0	0.07997	0	0	0	3.21146	0	18.62514	0	0	0	0	0	0	0	0	0	0	0	0	0	0	10.44215	0	0	0.01555	0	0	0	0	10.65095	0.00375	0	0	0	0	0	0.07154	0	15.05142	0	0	0	0	1.51478	0	5.74632	0	0	0.02489	0	0	0	0	0	0	0	0	0.0112	0	0	0	0.81907	0	0	0	0	0	0	0	0	0	0	0	0	0	0	0	0	0	0	0	0	0.07084	0	0	0	0.10378	0	0	0	0	0	0.02584	0	0	20.58814	0	0	0	0	0	0	0	0	4.4011	0	0	0	0	0	0
0569-1B	0	0	0	0	0.07984	0	0	0	0	0.01279	0	0	0	0	2.14293	0	0.06092	0	0.45833	0	1.11148	0	9.17725	0	0	0	0	0	0	0	0	0	0	0	0	0	0.13398	9.32194	0	0	0	0	0	0	0	5.28006	0	0	0	0	5.59624	0	0.15875	0	5.78248	0.27689	0	0	0	0.51079	0	2.71273	0	0	0	0	0	0	0	0	0	0	0	0	0	0	0	0	0	0	0	0	0	0	1.14227	0	0	0	0	0	0	0	0	0	0	0	0	0	0	0	0	0	1.22	0	0	0	0	0	0	0	0	54.27624	0	0	0	0	0	0	0	0	0.5441	0	0	0	0	0	0
0569-4A	0	0	0	0	0.32816	0	0	0	0	0	0	0	0	0	0.92749	0	0.33788	0	0	0	0	0	32.653	0	0	0	0	0	0	0	0	0	0	0	0	0	0	0.6439	0	0	0.01104	0	0	0	0	8.7038	0.27465	0	0	0	0	0.00093	0.03817	0	9.50565	0.02999	0	0	0	1.62259	0	4.92679	0	0	0.17474	0.00168	0.12295	0	0	0	0	0	0	0	0	0.04049	0	0	0	2.75986	0	0	0	0	0	0	0	0	0	0	0	0	0	0	0	0	0	0	0	0	0	0	0	0	0	0	0	0	0.00374	0	0	0.10064	0	0	0	0	0	0	0	0	36.79185	0	0	0	0	0	0
0569-4B	0	0	0	0	0.27168	0	0	0	0	0	0	0	0	0	1.26769	0	0.33347	0	0	0	0	0	27.96639	0	0	0	0	0	0	0	0	0	0	0	0	0	0	0.93371	0	0	0.04304	0	0	0	0	10.48043	0.23506	0	0	0	0	0	0.03583	0	8.30106	0.03555	0	0	0	1.75057	0	4.63868	0	0	0.26612	0.0812	0.09441	0	0	0	0	0	0	0.02559	0	0.01196	0	0	0	3.05642	0	0	0	0	0	0	0	0	0	0	0	0	0	0	0	0	0	0	0	0	0	0	0	0	0	0	0	0	0	0	0	0.26396	0	0	0	0	0	0	0	0	39.90717	0	0	0	0	0	0
0569-5A	0	0	0	0	0.24641	0	0	0	0	0	0	0	0	0	1.61571	0	0.23652	0.00429	0	0	0.97342	0	22.73016	0	0	0	0	0	0	0	0	0	0	0	0	0	0	14.78427	0	0	0.0271	0	0	0	0	10.77559	0.27085	0	0.0116	0	33.08074	0.00342	0.02111	0	0.73428	0	0	0	0.01684	2.49854	0	0.07261	0	0	0.00437	0.00111	0.42994	0	0	0	0	0	0	0	0	0.28877	0	0.03029	0.04616	0.1379	0	0	0	0	0	0	0	0	0	0	0	0	0	0	0	0	0	0	0	0	0	0	0	0	0	0	0	0.00906	0.19044	0	0	3.01493	0	0	0	0	0	0	0	0	7.74358	0	0	0	0	0	0
0569-5B	0	0	0	0	0.17874	0	0	0	0	0	0	0	0	0	3.99666	0	0.19323	0.02694	0	0	0.85895	0	36.8698	0	0	0	0	0	0	0	0	0	0	0	0	0	0	17.41352	0	0	0	0	0	0	0	7.70303	0.40767	0	0.01128	0	12.83543	0	0	0	2.05312	0	0	0	0	2.61556	0	0.13989	0	0	0	0	0.42963	0	0	0	0	0	0	0	0	0.1461	0	0.02914	0.04482	0.3343	0	0	0	0	0	0	0	0	0	0	0	0	0	0	0	0	0	0	0	0	0	0	0	0	0	0	0	0	0.05593	0	0	2.15988	0	0	0	0	0	0	0	0	11.49636	0	0	0	0	0	0
0587-1A	0	0	0	0.11977	0	0	0	0	50.11083	0	0	0	0	0	2.24004	0	0	0	0	0	0	0	5.24444	0	0	0	0	0	0	0	0	0	0	0.02528	0	0	0	3.40552	0	0	2.68351	0	0	0	0	12.02393	1.57715	0	0	0	0	0	0.03869	4.31132	1.39796	0	0	0	0	0	0	1.47661	0	0	0.30917	0	0.27153	0	0	0	0	0	0	0	0	0	0	0	0	0.28358	0	0	0	0	0	0	0	0	0	0	0	0	0	0	0	0	0	0	0.02019	0	0	0	0	0	0	0	0	0	0	0	0	0	0	0	0	0	0	0	0	0	14.46048	0	0	0	0	0	0
0587-1B	0	0	0	0	0	0	0	0	85.95793	0	0	0	0	0	2.40074	0	0	0	0	0	0	0	4.09244	0	0	0	0	0	0	0	0	0	0	0	0	0	0	0.55134	0	0	0.54409	0	0.05731	0	0	2.15761	0.29068	0	0	0	0	0	0	0.82273	0.19484	0	0	0	0	0	0	0.43101	0	0	0.08038	0	0.0392	0	0	0	0	0	0	0	0	0	0	0	0	0.01834	0	0	0	0	0	0	0	0	0	0	0	0	0	0	0	0	0	0	0	0	0	0	0	0	0	0	0	0	0	0	0	0	0	0	0	0	0	0	0	0	2.36135	0	0	0	0	0	0
0587-4	0	0	0	0.06916	0	0	0.07432	0	0	0	0	0	0	0	9.36753	0	0	0	0	0	0	0	37.34442	0	0	0	0	0	0	0	0	0	0	0	0	0	0.00853	15.196	0	0	1.66481	0	0	0	0	21.55114	2.54896	0	0.00567	0	0.13251	0	0.33798	0	3.63035	0	0	0	0	0.38183	0	0.72263	0	0	0.31734	0	0.43627	0	0	0	0	0	0	0	0	0	0	2.271	0	1.23897	0	0	0	0.03991	0	0	0	0	0	0	0	0	0	0	0	0	0	0	0	0	0.07121	0	0	0	0	0	0	0	0	0	0	0	0	0	0	0	0	0	0	0	2.58013	0.00934	0	0	0	0	0
0587-5A	0	0	0	0.08888	0	0	0.26014	0	0	0	0	0	0	0	5.3048	0	0	0	0	0	0	0	29.71035	0	0	0	0	0	0	0	0	0	0	0	0	0	0	11.27641	0	0	2.11693	0	0	0	0	27.60413	1.46061	0	0	0	0	0	0.45427	0	4.09165	0	0	0	0	0.77597	0	10.3825	0	0	0	0	0.33518	0	0	0	0	0	0	0	0	0	0	0.54921	0	0.22558	0	0	0	0	0	0	0	0	0	2.58537	0	0	0	0	0	0	0	0	0	0	0	0	0	0	0	0	0	0.17024	0	0	0	0	0	0	0	0	0	0	0	0	2.60779	0	0	0	0	0	0
0587-5B	0	0	0	0.08067	0	0	0.08223	0	0	0	0	0	0	0	1.56406	0	0	0	0	0	0	0	26.9216	0	0	0	0	0	0	0	0	0	0	0	0	0	0	17.65077	0	0	1.49784	0	0	0	0	31.76664	3.77478	0	0	0	0	0	0.46609	0.03424	4.50494	0.06881	0	0	0	0.64127	0	7.83633	0	0	0	0	0.95204	0	0	0	0	0	0	0	0	0	0	0.18412	0	0.14802	0.01568	0	0	0	0	0	0	0	0	0.03861	0	0	0	0	0	0	0	0	0	0	0	0	0	0	0	0	0	0.24081	0	0	0	0	0	0	0	0	0	0	0	0	1.53046	0	0	0	0	0	0
0596-1	0	0	0	0	0	0	0	0	2.46486	0	0	0	0	0	0.86299	0	0	0	0.22138	0	0.6942	0	5.95843	0	0	0	0	0	0	0	0	0	0	0	0	0	0.80994	1.46045	0	0	0	0	0	0	0	0.29147	0	0	0	0	4.79817	0	0	0	0.08055	0.13082	0	0	0	0	0	0.10444	0	0	0	0	0	0	0	0	0	0	0	0	0	0	0	0	0	0	0	0	0	0	0	0	0	0.47583	0	0	0	0	0	0	0	0	0	0	0	0	0	0	0	0	0	0	81.14167	0	0	0	0.06975	0	0	0	0	0	0	0	0	0	0.37908	0.05598	0	0	0	0	0
0596-4	0	0	0	0.01858	0.49557	0	0	0	4.37653	0	0	0	0	0	0.07457	0	0.50255	0	0	0	5.97553	0	38.26909	0	0	0	0	0	0	0	0	0	0	0.11316	0	0	0	5.34437	0	0	0.48538	0	0	0	0	5.02761	0	0	0	0	8.09097	0	4.04553	0	7.90227	0.02484	0	0	0	0	0	0	0	0	0	0.01645	0	0	0	0	3.54976	0	0	0	0	0	0.07781	0.21098	0	0.32068	0	0	0	0	0	0	0	1.62798	0	0	0	0	0	0	0	0	0	0	0	0	0	0	0	0.19266	0	0	0	0	0.59485	0.00589	0	0.18593	0	0	0	0	0	0	0	0	12.42704	0	0	0	0	0	0.04341
0596-5	0	0	0	0.00126	0.26107	0	0	0	2.69764	0	0	0	0	0	1.0471	0	0.31448	0	0.28266	0	8.76626	0	29.79636	0	0	0	0	0	0	0	0	0	0	0.05048	0	0	0.24369	5.21268	0	0	0.6916	0	0	0	0	5.79219	0.02394	0	0	0	29.76611	0	0.15751	0	2.20293	0.41949	0	0	0	0	0	0.30651	0	0	0	0.19668	0	0	0	0	0.68945	0	0	0.57973	0	0	0.00273	1.62162	0	0	0	0	0	0	0	0	0	2.33772	0	0	0	0	0	0	0	0	0	0	0	0	0	0	0	0	0	0	0	0	0.53956	0	0.13834	0.1861	0	0	0	0	0	0	0	0	5.33913	0.33497	0	0	0	0	0
0613-1	0	0	0	0	0	0	0	0	0	0	0	0	0	0	0	0	0	0	41.29587	0	0	0	15.89905	0	0	0	0	0	0	0	0	0	0	0	0	0	0	13.39129	0	0	0	0	20.33343	0	0	0	0	0	0	0	0	0	0	0	0	0	0	0	0	0	0	0	0	0	0	0	0	0	0	0	0	0	0	0	0	0	0	0	0	0	0	0	0	0	0	0	0	0	0	0	0	0	0	0	0	0	0	0	0	0	0	0	4.77729	0	0	0	0	0	0	0	0	4.30307	0	0	0	0	0	0	0	0	0	0	0	0	0	0	0
0613-4	0	0	0	0.00517	0.33024	0	0	0	0	0	0	0	0	0.04848	0.00439	0	0.33203	0.01225	0	0	0	0	20.34932	0	0	0	0	0	0	0	2.09459	0	0	0	0	0	0	24.05127	0	0	18.2033	0	0	0	0	5.4516	0.13316	0	0.02771	0	0.19442	0	0.9589	0	7.85153	0	0	0	0	0	0	0	0	0	0.06231	0.03969	0.1044	0	0	0	5.19091	0	0	0	0	0	0	0.95862	0.30083	0	0	0	0	0	0	0	0	0	0	0	0	0	0	0	0	0	0	0	0	0	0	0	0	0	0	0	0	0	0	0.01604	0	0.20117	0	0	0	0	0	0	0	0	13.07763	0	0	0	0	0	0
0613-5	0	0	0	0.08965	0.74965	0	0	0	0	0	0	0	0	0.14552	0.00577	0	1.15353	0	0	0	0.96281	0	16.23326	0	0	0	0	0	0	0	3.68747	0	0	0	0	0	0	26.94541	0	0	13.94917	0	0	0	0	8.5147	0.20295	0	0.0383	0	0	0.00828	0.79007	0	11.16882	0.02166	0	0	0	0	0	0	0	0	0	0	0.19757	0	0	0	2.12801	0	0	0	0	0	0	0.39542	0.00749	0.29246	0	0	0	0.16616	0	0	0	0	0	0	0	0	0	0	0	0	0	0	0	0	0	0	0	0	0	0	0	0	0.17782	0	1.45136	0.86398	0	0	0	0	0	0	0	0	9.6527	0	0	0	0	0	0
0631-1	0	0	0	0.17389	0.01264	0	0.05977	0	0	0.04288	0	0	0	0	16.04489	0	0.0174	0	0.131	0.06049	7.87706	0	5.77531	0	0	0	0	0	0	0	0	0	0	0	0	0	0	9.9737	0	0	3.69795	0	0.11175	0	0	2.96198	0	0	0	0	0	0	0.38142	0	40.76775	0.11294	0	0	0	0	0	1.76105	0	0	0.19657	0	0	0	0	0	0.70248	0	0	0.09142	0	0	0	1.34689	0	0	0	0	0	0.29781	0	0	0	0	0	0.08199	0	0	0	0	0	0	0	0	0	0	0	0	0.08343	0	0	0	0	0.06667	0.00487	0.02371	0	0.0913	0	0	0	0	0	0	0	0	7.03346	0	0	0	0	0	0.0155
0631-4	0	0	0	0.74073	0	0	0.21082	0	0	0	0	0	0	0	0.11489	0	0	0.14061	0	0	7.68084	0	40.88186	0	0	0	0	0	0	0	0.62682	0	0	0.03642	0	0	0.51129	15.28084	0	0	1.06182	0	0	0	0	2.87842	0	0	0.00761	0	0	0	1.55066	0.47975	4.65981	0.10395	0	0	0	0	0	1.67557	0	0	0.21816	0.017	0	0	0	0	3.18056	0	0	0.1236	0	0	0	0.14891	0	0.33197	0	0	0	0	0	0	0	0	0.01825	0	0	0	0	0	0	0	0	0	0	0	0.00212	0	0	0	0	0	0	0	0.03331	0.00123	0	0	0	0.22643	0	0	0	0	0	0	17.04061	0.00267	0	0	0	0	0.0125
0631-5	0	0	0	0.64589	0	0	0	0	0	0	0	0	0	0	0	0	0	0	0	0	4.07569	0	19.01925	0	0	0	0	0	0	0	0	0	0	0	0	0	0	31.541	0	0	0.24174	0	0	0	0	0.64052	1.0588	0	0.00793	0	0	0	0	0	7.79952	0.45728	0	0	0	0	0	9.08584	0	0	0	0	0.0861	0	0	0	0	0	0	0	0	0	0	3.49436	0	0	0	0	0	0	0	0	0	0	0	0	0	0	0	0	0	0	0	0	0	0	0	0	0.26713	0	0	0	0	0.13797	0.06339	0.16312	0	0	0	0	0	0	0	0	0	0	21.05276	0.16169	0	0	0	0	0
0659-1	0	0	0	0.62046	0.43131	0	0	0	0	0	0	0	0	0	4.82676	0	0.3447	0	0.82858	0	0	0	31.99389	0	0	0	0	0	0	0	0	0	0	0	0	0	0.02535	0	0	0	0.03402	0	0	0	0	3.53302	0.66037	0	0	0	0	0	1.62377	0	47.21212	0.27311	0	0	0	1.48054	0	0.57229	0	0	0.05385	0.14713	0.05712	0	0	0	0	0	0	0	0	0	0.17138	0.32149	0	0	0	0	0	0	0	0.25803	0	0	0	0.10304	0	0	0	0	0.18604	0	0.09373	0	0	0	0	0	0	0	0	0	0	0	0	0.08665	0	0.76443	0	0	0	0	0	0	0	0	3.29684	0	0	0	0	0	0
0659-4	0	0	0	0.19065	5.4655	0	0	0	0	0	0	0	0	0	6.17079	0	4.78976	0	0	0	0	0	20.75833	0	0	0	0	0	0	0	0	0	0	0	0	0	0	0	0	0	4.89935	0	0	0	0	9.50869	4.22194	0	0	0	0	0.09087	5.85023	0	29.91874	0	0	0	0	0	0	1.36791	0	0	0	0.76894	0.37075	0	0	0	0	0	0	0	0	0.22454	0	3.06075	0	0	0	0	0	0	0	0.42611	0	0	0	0	0	0	0	0	0	0	0	0	0	0	0	0	0	0	0	0	0	0	0	0	0	0.00924	0	0	0	0	0	0	0	0	1.90692	0	0	0	0	0	0
0659-5	0	0	0	0.02086	1.36939	0	0	0	0	0	0	0	0.01746	0.00982	1.1638	0	1.01747	0	0	0	0	0	4.68629	0	0	0	0	0	0	0	0	0	0	0	0	0	0	0	0	0	1.18738	0	0	0	0	10.63386	1.29529	0	0	0	0	0.03144	0.61379	0	34.58378	0.01417	0	0	0	0.17649	0	9.54007	0	0	0.02011	0.86141	0.10906	0	0	0	0	0	0	0.00388	0	0.09934	0	20.26935	0	0.05162	0	0	0	0	0	0	0	0	0	0.09064	0	0	0	0	0	0	0	0	0	0	0	0	0	0.02299	0	0	0	0	0	0	0	7.20173	0	0	0	0.41045	0	0	0	0	3.91893	0.57913	0	0	0	0	0
0677-1	0.00099	0	0.04627	3.55878	0.01732	0	0	0	0	0.02085	0	0	0	0	0	0	0.01833	0	0.06003	0.03953	0.03325	0	4.28738	0	0	0	0	0	0	0	0	0	0	0.00874	0	0	0	11.80082	0	0	0	0.27346	0	0	0	0.12142	2.31451	0	0	0	0	0	8.30021	51.91578	2.15497	0.04887	0	0	0	0	0	0	0	0	0.82998	0.02243	0.22719	0.01182	0	0	0.71682	0	0	0	0	0	0	0	0	0.06271	0	0	0	0	0	0	0	0	0.06975	0	0	0.00411	0	0	0	0	0	0	0	0	0	0	0	0	0	0.00441	0	0	0	1.24972	0	0	0	0	0	0	0	0	0	0	11.75426	0	0	0	0	0	0.0253
0677-4	0	0	0	0.14803	0.2314	0	0	0	0	0	0	0	0	0	0.01074	0	0.28724	0	0	0	0	0	47.87115	0	0	0	0	0	0	0	0	0	0	0	0	0	0	0	0	0	4.02354	0	0	0	0	26.87268	0.34273	0	0	0	0	0	0	0	5.19695	0	0	0	0	0	0	4.53707	0	0	0.02592	0.49338	0.02368	0	0	0	1.29327	0	0	0	0	0	0	0	0.13044	0.10499	0	0	0	0	0	0	0	0	0	0	0	0	0	0	0	0	0	0	0	0	0	0	0	0	0	0	0	0	0	0.1404	0	0	0	0	0	0	0	0	0	0	8.26638	0	0	0	0	0	0
0677-5	0	0	0	0	0.15761	0	0	0	0	0	0	0	0	0	0	0	0.15858	0	0	0	0	0	64.43399	0	0	0	0	0	0	0	0	0	0	0	0	0	0.01634	0.0293	0	0	3.3116	0	0	0	0	11.8712	0.48106	0	0	0	11.03549	0	0.06618	0	5.75219	0	0	0	0	0	0	0.37466	0	0	0	0.02132	0.00742	0	0	0	1.00438	0	0	0	0	0	0	0	0	0	0	0	0	0.10358	0	0	0	0	0	0	0	0	0	0	0	0	0	0	0	0	0	0	0	0	0	0	0	0	0.05189	0	0	0	0	0	0	0	0	0	0	0	1.12323	0	0	0	0	0	0
0695-1	0	0	0	0	2.21221	0	0	0	0	0	0	0	0	0	13.72864	0	0.29754	0	0	0	0	0	19.10473	0	0	0	0	0	0	0	0	0	0	0	0	0	0	0	0	0	0	0	0	0	0	22.50196	0	0	0	0	0	0	0	0	5.42908	0	0	0	0	0	0	31.81632	0	0	0	0	0	0	0	0	4.3333	0	0	0	0	0	0	0	0	0	0	0	0	0	0	0	0	0	0	0	0	0	0	0	0	0	0	0	0	0	0	0	0	0	0	0	0	0	0	0	0	0	0	0	0	0	0	0	0	0	0.57623	0	0	0	0	0	0
0695-4	0	0	0	0.0349	1.63541	0	0.11423	0	0.11346	0	0	0	0	0	23.60728	0	0.51861	0	0.03891	0	0	0	4.97573	0	0	0	0	0	0	0	0	0	0	0	0	0	0	0	0	0	4.49281	0	0	0	0	26.02836	0.50657	0	0	0	0	0	0.01099	0	2.21078	0.14229	0	0	0	0	0	19.70529	0	0	0.10328	0.4167	0.34937	0	0	0	2.10355	0	0	0	0	0	0	3.20314	0	0	0	0	0	0	0	0	0	0	0	0	0	0	0	0	0	0	0	0	0	0	0	0	0	0	0	0	0	0	0	0.01628	0	0	0	0	0	0	0	0	0	0	9.67206	0	0	0	0	0	0
0695-5	0	0	0	0.04214	5.77438	0	0	0	0.59387	0	0	0	0	0	26.6077	0	1.97717	0	0	0	0	0	4.14878	0	0	0	0	0	0	0	0	0	0	0	0	0	0	0	0	0	2.32208	0	0	0	0	31.61748	2.2855	0	0	0	0	0.04433	0	0	2.46732	0.03279	0	0	0	0	0	9.61743	0	0	0	0.24645	0.84404	0	0	0	2.76512	0	0	0	0	0	0	7.28261	0	0	0	0	0	0	0	0	0	0	0	0.36404	0	0	0	0	0	0	0	0	0	0	0	0	0	0	0	0	0	0	0	0	0	0	0	0	0	0	0	0	0	0	0.96674	0	0	0	0	0	0
0703-1	0	0	0	1.42954	0	0	0	0	0	0	0	0	0	0	0	0	0	0	0.02927	0	1.19614	0	31.85748	0	0	0	0	0	0	0	0	0	0	0.00211	0	0	0	26.87509	0	0	0	0	0	0	0	3.9891	0	0	0.03702	0	0	0	0	23.52482	3.16724	0.07363	0	0	0	0	0	0	0	0	0.19208	0	0.03017	0	0	0	0.82637	0	0	0	0	0	0	0.01965	0	0.01968	0	0	0	0	0	0	0	0	0.06049	0	0	0	0	0	0	0	0	0	0	0	0	0	0.18929	0	0	0	0	0	0.01033	0.17499	0	0	0	0	0	0	0	0.30327	0	0	5.99223	0	0	0	0	0	0
0703-4	0	0	0	0.89838	0.15316	0	0	0	0	0	0	0	0	0	1.91225	0	0.05059	0	0	0	0	0	32.43934	0	0	0	0	0	0	0	0	0	0	0.04425	0	0	5.35655	0	0	0	7.76701	0	0	0	0	8.86269	0.28383	0	0	0	0	0	0.14747	0	8.30987	0	0	0	0.01423	0	0	3.66179	0	0	0.12596	0	0.06469	0	0	0	3.36285	0	0	0	0	0	0	0	0	4.20873	0	0	0	0	0	0	0	0	0.04041	0	0	0	0	0	0	0	0	0	0	0	0	0	0	0	0	0	0	0.20387	0.17486	0.84004	0	0	0	0	0	0	0	0	0	0	20.75535	0.32181	0	0	0	0	0
0703-5	0.01637	0	0	1.369	0	0	0	0	0	0	0	0	0	0	0	0	0	0.01808	0	0	0	0	25.83629	0	0	0	0	0	0	0	0	0	0	0.10938	0	0	32.60792	20.79795	0	0	0.70463	0.03804	0	0	0	3.03106	0	0	0.02196	0	0	0	0	1.87121	1.30321	0	0	0	0	0	0	1.16742	0	0	0.14398	0	0	0	0	0	0.36913	0	0	0.16036	0.29112	0	0	0	0	0.14727	0	0	0	0.24127	0	0	0	0	0.072	0	0	0	0	0	0	0	0	0.02261	0	0	0	0	0	0	0	0	0	0.20115	0.02551	1.14459	0	0	0	0	0	0	0	0.15587	0.01424	0	7.89175	0.21248	0	0	0	0.01416	0
0721-1	0	0	0	0.09915	0	0	0	0	0.16456	2.72471	0	0	0	0	0	0	0	0	0.592	8.29625	0	0	10.41233	0	0	0	0	0	0	0	0	0	0	0	0	0	0	15.11291	0	0	0.07958	0	0	0	0	13.4905	0.00275	0	0.00896	0	41.4042	0	0	0.17784	1.72057	0	0	0	0	0	0	0.43905	0	0	0.0288	0	0	0	0	0	0.17725	0	0	0	0	0	0	0	0	0	0	0	0	0	0	0	0	0	0	0	4.41174	0	0	0	0	0	0	0	0	0	0	0	0	0	0	0	0	0	0.01067	0.02977	0	0	0	0	0	0	0	0	0	0	0.61642	0	0	0	0	0	0
0721-4	0	0	0	0.02066	0.1884	0	0	0	0	0	0	0	0	0	0.14517	0	0.6612	0	0	0	0	0	27.17042	29.3544	0	0	0	0	0	0	0	0	0	0	0	0	0	22.33389	0	0	3.81379	0	0	0	0	10.83731	0.32746	0	0.01106	0	0	0	0	0	2.22403	0	0	0	0	0	0	0.16508	0	0	0	0.01173	0.25789	0	0	0	0	0	0	0	0	0	0	0	0	0	0	0	0	0	0	0	0	0	0	0	0	0	0	0	0	0	0	0	0	0	0	0	0	0	0	0	0	0	0.00174	0	0	0	0	0	0	0	0	0	0	0	2.47576	0	0	0	0	0	0
0749-1	0	0	0	0	0	0	0	0	0	0	0	0	0	0	1.96914	0	0	0	0	0	1.47942	0	17.68913	0.41456	0	0	0	0	0	0	0	0	0	0	0	0	0	29.75413	0	0	0	0	1.44592	0	0	42.07084	0	0	0	0	0	0	0	0	5.17686	0	0	0	0	0	0	0	0	0	0	0	0	0	0	0	0	0	0	0	0	0	0	0	0	0	0	0	0	0	0	0	0	0	0	0	0	0	0	0	0	0	0	0	0	0	0	0	0	0	0	0	0	0	0	0	0	0	0	0	0	0	0	0	0	0	0	0	0	0	0	0	0
0749-5	0	0	0	0.29979	0.16106	0	0	0	0	0	0	0	0	0.07107	11.60532	0	0.4005	0	0.01498	0	5.39171	0	21.16517	0	0	0	0	0	0	0	0	0	0	0	0	0	0	7.0868	0	0	0.01878	0	0	0	0	0.77419	0.09971	0	0.01385	0	0	0	0.17249	0.36805	24.07039	9.33854	0	0	0	0.02404	0	0.04015	0	0	0	0	0.12124	0	0	0	0	0	0	0	0	0	0	17.22998	0	0.09415	0	0	0	0	0	0.02569	0	0	0	0	0	0	0	0	0	0	0	0.00174	0	0	0	0	0	0	0	0	0	0.07904	0.16608	0	0.15937	0	0.01514	0	0	0	0	0	0	0	0.9057	0.08531	0	0	0	0	0
0767-1	0	0.01674	0	0.24431	0	0	0	0	0	0.01081	0	0	0	0.10478	0.16326	0	0.01011	0	0.0792	0.06352	1.0008	0	14.20349	0	0	0	0	0	0	0	0	0	0	0.09934	0	0	0	6.17615	0	0	0	0	0	0	0	0.72613	0.10134	0	0	0	0	0	0.11384	0.04448	12.36357	0	0	0	0	0.04947	0	0.02044	0	0	0.01783	0	0.03546	0	0	0	0	0	0	0	0	0	0	0.14938	0	1.70621	0	0	0	0	0	0	0	0	0.04083	0	0	0	0	0	0.00556	0	0	0	0	0	0	0	0	0.00638	0	0	0	0.04697	0.00253	0	0	0	0	0	0	0	0	0	0	0	62.37303	0	0	0	0	0	0.02402
0767-4	0	0.11087	0	0.70132	0.1159	0	0	0	0	0	0	0	0	0.4224	6.1786	0	0.35908	0	0	0	3.75428	0	33.79562	0	0	0	0	0	0	0	0	0	0	0.16861	0	0	0.11256	3.48992	0	0	0.01712	0	0	0	0	0.65955	0.94237	0	0	0.04622	0	0	0.01641	0.24594	30.9362	5.55152	0	0	0	0.10523	0	0	0	0	0.03145	0	0.34167	0	0	0	0	0	0	1.778	3.46467	0	0	1.24136	0	0.30677	0	0	0	2.18899	0	0	0	0	0.04853	0	0	0	0	0	0	0	0	0	0	0	0	0	0	0	0	0	0	0.0289	0	0	0	0	0.09548	0	0	0.18048	0	0	0	0	2.1061	0.0744	0	0	0	0	0.3835
0767-5	0	0	0	0.03526	0.26281	0	0	0	0	0	0	0	0	0	2.2089	0	0.09412	0	0	0	0.31987	0	37.77854	0	0	0	0	0	0	0	0	0	0	0	0	0	0	15.16705	0	0	1.18116	0	0	0	0	0.20757	0.23158	0	0.00605	0	0	0	0.55276	0	7.29846	0	0	0	0	0	0	0.63022	0	0	0.03318	0	0.00822	0	0	0	0	0	0	0.06096	0	0	0	0.40985	9.37692	0.00587	0	0	0	16.45715	0	0	0	0	0	0	0	0	0	0	0	0	0	0	0	0	0	0	0	0	0	0	0	0.0481	0	0	0	0	0	0	0	0	0	0	0	0	7.2855	0.3399	0	0	0	0	0
0776-1	0	0	0	0	0.11745	0	0.11934	0	0	0	0	0	0	0	55.19165	0	0.06052	0	0.41082	0	4.27539	0	0.73655	0	0.15194	0	0	0	0	0	0.73217	0	0	0.22302	0	0	0	12.65145	0	0	9.37386	0	0.0603	0	0	5.19987	0	0	0.0363	0	0	0	0	0.07798	6.94134	0	0	0	0	0	0	0.4292	0	0	0	0	0	0	0	0	0	0	0	0	0	0	0	0.74109	0	0	0	0	0	0	0	0	0	0	0	0	0	0	0	0	0	0	0	0.54252	0	0	0.38905	0	0	0	0	0	0	0	0.03379	0	0	0.18961	0	0	0	0	0	0.30453	0	0	1.01027	0	0	0	0	0	0
0776-4	0	0	0	0	0	0	0	0	0	0	0	0	0	0	0.76716	0	0	0	0	0	5.94414	0	19.79744	0	0	0	0	0	0	0	0	0	0	0	0	0	0	14.19901	0	0	0.84444	0	0	0	0	20.15907	0.04794	0	0	0	0	0	0	19.8637	5.15477	0	0	0	0	0	0	8.38475	0	0	0.27117	0.14731	0	0	0	0	0	0	0	0	0	0	0	1.5194	0	0.03237	0	0	0	0	0	0	0	0	0	0	0	0	0	0	0	0	0	0	0	0	0	0	0	0	0	0	0	0	0	0	0	0	0	0	0	0	0	1.14563	0	0	1.72168	0	0	0	0	0	0
0776-5	0	0	0	0	0.11288	0	0	0	0	0	0	0	0	0	1.39711	0	0.07688	0	0	0	17.66964	0	3.73798	0	0	0	0	0	0	0	3.41532	0	0	0	0	0	0	2.69853	0	0	4.07972	0	0	0	0	8.84013	0.10603	0	0	0	53.99315	0	0	0.09574	0.71251	0	0	0	0	0	0	0.85337	0	0	0	0.09601	0	0	0	0	0	0	0	0	0	0	0	0.13563	0	0	0	0	0	0	0	0	0	0	0	0	0	0	0	0	0	0	0	0	0	0	0	0	0	0	0	0	0	0	0	0	0	0.54037	0	0	0	0	0	0.71095	0	0	0.72807	0	0	0	0	0	0
0785-1	0	0	0	0.21193	0.10539	0.01496	0	0	0.08893	0	0	0	0	0.09212	0.02252	0	0.18522	0	0	0	40.96905	0	10.37653	0	0	0	0	0	0	0	0	0	0	0	0	0	0	3.19673	0	0	0.20707	0	0	0	0	2.68449	0.00851	0	0.42269	0	0.10162	0	0.23246	0.13642	12.29732	0.00347	0	0	0	0	0	0	0	0	0.14927	0	0	0	0	0	0	0	0	0	0.60642	0	0	0.0189	0	0.13242	0	0	0	0	0	0	0	0	0.02657	0	0	0	0	0	0	0	0	0	0	0	0	0	0	0	0	0	0	0.16534	0.148	0.01883	0	0.03203	0	0	0	0	0	0	0	0	27.34477	0	0	0	0	0	0
0785-4	0	0	0	0.00569	0.13607	0	0	0	0.08385	0	0	0	0	0.09291	1.79414	0	0.30804	0	0	0	36.12705	0	23.66003	0	0	0	0	0	0	0	0	0	0	0	0	0	0	16.89502	0	0	0.08848	0	0	0	0	6.39193	0	0	0.10647	0	0	0	0.16653	0	4.53343	0.00523	0	0	0	0	0	0.07903	0	0	0	0	0	0	0	0	0	0	0	0	0	0	0	2.28401	0	0.22429	0	0	0	0	0	0	0	0	0	0	0	0	0	0	0	0	0	0	0	0	0	0	0	0	0	0	0	0	0.31717	0	0	0.64653	0	0	0	0	0	0	0	0	6.05409	0	0	0	0	0	0
0785-5	0	0	0	0.00284	0.0984	0	0	0	0.05307	0	0	0	0	0.00961	0.62057	0	0.24006	0	0	0	54.47723	0	14.70764	0	0	0	0	0	0	0	0	0	0	0	0	0	0	9.14391	0	0	0.11587	0	0.07396	0	0	4.04282	0	0	0.31372	0	0	0	0	0.08755	8.57212	0.04648	0	0	0	0	0	0	0	0	0	0	0	0	0	0	0	0	0	0	0	0	0	1.60642	0	0.05448	0	0	0	0	0	0	0	0.26506	0	0	0	0	0	0	0	0	0	0	0	0	0	0	0	0	0	0	0	0	0	0	0	0	0	0	0	0	0	0	0	0	5.46819	0	0	0	0	0	0
