Sample	richness	shannon	simpson	invsimpson
0055-1FF	70	1.82777377168601	0.68354557132136	3.16001265703727
0055-4FF	57	2.08752301044877	0.801004947423667	5.025250563033
0055-5FF	55	2.21174854408645	0.843765077813557	6.400617646845
0073-1FF	80	2.47002433686054	0.846036973646708	6.49506588487905
0073-4FF	43	2.53741583160945	0.891063856884132	9.17968978336572
0073-5FF	34	2.39317967840531	0.87990250154788	8.32656810415311
0091-1FF	23	0.157088483141291	0.0436992871989	1.04569617758717
0091-4FF	36	1.73593532306651	0.675874882342157	3.08522834399903
0091-5FF	44	2.53993929009294	0.868607628211946	7.61079190817161
0109-1FF	41	1.91185311250745	0.798471364315385	4.96207398319792
0109-4FF	42	2.31599632366761	0.850198788757769	6.67551344683712
0109-5FF	58	2.30817819349553	0.839914486991052	6.24666143240648
0127-1FF	59	2.35901530833223	0.839027059269503	6.21222421272785
0127-4FF	66	2.70335926957361	0.889428705503632	9.04393861494359
0127-5FF	51	2.47636783125092	0.858828825129836	7.08359904859971
0136-1FF	48	2.68451157841079	0.89396435999112	9.43079138218296
0136-4FF	41	2.3234697629457	0.843440706721704	6.38735637508545
0136-5FF	58	2.55506140087728	0.86159044615621	7.22493478397169
0145-1FF	87	2.46896748867969	0.868681171282819	7.61505421399761
0145-4FF	79	2.53252935135801	0.85987234472982	7.13635005218566
0145-5FF	85	2.48332129863678	0.856865328169366	6.98642744773441
0163-1FF	36	1.31176136634954	0.432984248767726	1.76361943707338
0163-4FF	57	2.62323097714114	0.89105853398494	9.17924126210823
0163-5FF	47	2.24134680922756	0.826962302375531	5.77908752675517
0181-1FF	58	2.4343375493	0.853050369181922	6.80505282274568
0181-4FF	52	2.3713509049431	0.852924342023423	6.79922166426248
0181-5FF	41	1.46929171153876	0.581260818903829	2.38812140144663
0217-1FF	59	1.65740942773298	0.58640192528272	2.41780622572666
0217-4FF	53	2.7573754798896	0.91406379896088	11.6365395247665
0217-5FF	46	2.57419006280443	0.895912614754578	9.60731214106452
0226-1	39	2.27123781822608	0.86185118907759	7.23857117063165
0226-1FF	47	2.35418635690531	0.860614579801038	7.17435151088667
0226-4	47	2.42861936251918	0.86596018307962	7.46046975425222
0226-4FF	52	2.50604471666252	0.876325851438781	8.08576417653684
0226-5	48	2.13630404843713	0.835362994300629	6.0739685816809
0226-5FF	41	2.16861891347841	0.845067128234817	6.45440821309766
0235-1	20	1.89264479586292	0.710941471007919	3.45950698457818
0235-1FF	53	2.74039433522211	0.901791018721947	10.1823681193552
0235-4	27	1.04865876347857	0.47340545388778	1.89899422123315
0235-4FF	35	1.53216064493957	0.707546552907903	3.41934762589784
0235-5	29	1.69918146481894	0.7648869875377	4.25327373218166
0235-5FF	29	1.38205462872826	0.620896157891785	2.63779969740996
0253-1FF	29	2.25496119393455	0.85287943780996	6.79714640233817
0253-4	28	2.27079068266274	0.855997832365799	6.94433991118961
0253-4FF	32	2.34531350923189	0.868462928020006	7.60241949244614
0253-5	28	1.90505164738012	0.7320931676705	3.73264090096103
0253-5FF	37	2.24517655883857	0.813136857843263	5.35151013976433
0271-1	34	1.92419570280178	0.784787759125	4.64657584500885
0271-1FF	33	2.16271302909791	0.829165706634953	5.85362564097802
0271-4FF	31	2.2568172634299	0.8474850359992	6.55673367234152
0271-5	28	2.19588649704686	0.84808234488862	6.5825133969244
0271-5FF	43	2.36818221600589	0.87331434914834	7.89355379458823
0299-1FF	22	2.59831786297785	0.908471522627655	10.9255614067732
0299-4	36	1.90929730935693	0.78221147615286	4.59161016538169
0299-4FF	49	2.20375342541418	0.83070268260314	5.90676813653131
0307-1	34	1.98670809972568	0.780218582885779	4.54997521232789
0307-1FF	39	1.93149990766169	0.761853211481289	4.19909084737219
0307-4	27	1.90550189101058	0.789235263666259	4.74462672169468
0307-4FF	30	2.17553888455364	0.8437271753275	6.39906523796248
0307-5	41	2.37199101804009	0.875183494418612	8.01176090727794
0307-5FF	41	2.62338359250955	0.905407987196279	10.5717171076061
0316-1	28	1.91730747888424	0.768164616162176	4.31340541485043
0316-1FF	30	1.17896875490819	0.454849929003234	1.83435727738524
0316-4	23	2.42246702011494	0.888342542799962	8.95596250421916
0316-4FF	44	2.58125941562595	0.894090131960377	9.4419908032166
0316-5	46	2.53747616021589	0.888539220865775	8.97176574367713
0316-5FF	47	2.58505157739392	0.892190141179015	9.27558955123455
0325-1	51	2.4320376483773	0.86811433764678	7.58232534270307
0325-1FF	46	1.7605252351023	0.632755115304801	2.72297870351541
0325-4	43	2.4034171267436	0.861343463819871	7.21206534902111
0325-4FF	43	2.43916630877526	0.87743551308466	8.15897023002053
0325-5	50	2.2796458435485	0.815215613967	5.41171265315357
0325-5FF	48	2.25833023285628	0.807809016611155	5.20315772554626
0361-1	35	2.12608320554014	0.798827784530114	4.97086537355201
0361-1FF	23	1.36880214289661	0.648339800719913	2.84365419244823
0361-4	23	1.91273842864812	0.79455081012482	4.86738351515305
0361-4FF	28	2.01049234462723	0.812072902898752	5.32121240323975
0361-5	37	2.42408126409575	0.878081714552239	8.20221508469684
0361-5FF	35	2.15878104493569	0.807037847863287	5.18236342685224
0389-1	49	2.37902222665201	0.85866169061642	7.0752225943646
0389-1FF	40	1.51078537506646	0.556207755455344	2.25330661428306
0389-4	37	2.16625546506654	0.83733583502942	6.14763552980992
0389-4FF	44	2.39032085501626	0.872722228565604	7.85683146970751
0389-5	44	2.42191974844038	0.8710653582859	7.75586752098323
0389-5FF	40	2.51582066562865	0.88569409288425	8.74845425956302
0406-1	34	2.05232853786528	0.78276661643358	4.60334403295912
0406-1FF	35	2.27815286169	0.868427196944592	7.60035491209288
0406-4	24	1.98386686535491	0.821717781326555	5.6090843351668
0406-4FF	47	2.33120737148276	0.860624930901973	7.17488433528
0406-5	32	2.08903115394909	0.822322450401462	5.62817307115894
0406-5FF	41	2.46012705771851	0.881030550421361	8.40551926180847
0415-1	33	1.16890047202053	0.447122244609967	1.80871809410118
0415-1FF	41	1.21594471704435	0.44045846567852	1.78717742770005
0415-4	38	1.6458685731997	0.5937946202801	2.46180885317066
0415-4FF	40	2.11879664850668	0.779216551221242	4.52932502654253
0415-5	31	1.58913347965231	0.627756877032538	2.68641631852904
0415-5FF	37	2.03947896065502	0.774506284924895	4.43471340062375
0433-1FF	44	2.48286515424845	0.88009699925134	8.34007484179812
0433-4	71	2.53824418686054	0.878979333471181	8.26305149924015
0433-4FF	42	2.61166005392566	0.899731628862712	9.97323471656679
0433-5	30	1.53237184118301	0.624964136251501	2.66641165995422
0433-5FF	49	2.11309044905453	0.816768062381849	5.45756385594724
0451-1FF	35	1.58517012225117	0.69965226953538	3.32947413470733
0451-4	31	1.61202520465865	0.742748081811096	3.88724020812038
0451-4FF	35	1.82560238697862	0.775329135828	4.45095541731853
0451-5	25	1.67474646420174	0.749373115367924	3.98999493397532
0451-5FF	30	1.84706772740103	0.781492773817687	4.57650768568012
0479-1	40	2.09080352528512	0.788663243260364	4.73178454816539
0479-1FF	51	2.57502794136533	0.885436592191152	8.72879062456423
0479-4	23	1.25359910054476	0.50441412774964	2.01781377556062
0479-4FF	27	1.70106770470719	0.71578707793834	3.51848885950038
0479-5	32	2.23603252077298	0.855451048412994	6.91807162224962
0479-5FF	52	2.23565557161578	0.83160545101286	5.93843450405493
0497-1	31	2.01373550450062	0.78475871745656	4.64594890061659
0497-1FF	40	2.26023270674995	0.812248517025777	5.32618962129472
0497-4	48	2.17630355669754	0.76400190218101	4.2373222887881
0497-4FF	45	2.49356707506145	0.833708241797283	6.01352713332285
0497-5	54	2.04492165295177	0.731970027947907	3.73092603168143
0497-5FF	63	2.68612351924793	0.852208492183023	6.76628863708722
0523-1	20	1.97308469024086	0.82844130853771	5.82890899596194
0523-1FF	29	2.21953120098596	0.857964681997908	7.04050241916078
0523-4	35	2.28175306400193	0.8631824291768	7.30900273980329
0523-5	49	2.57712073017597	0.8981044865861	9.81397479139239
0541-1A	61	2.72726675534049	0.87909630811416	8.27104602350954
0541-1B	55	2.62247696631683	0.88006403671435	8.3377827017432
0541-4A	24	2.18472804551509	0.858140573775836	7.0492319517761
0541-4B	32	2.31381462367717	0.8732309188479	7.88835882465836
0541-5A	30	2.32471627384473	0.868856334941479	7.62522535536708
0541-5B	38	2.24869570102711	0.841811615872515	6.32157667906951
0569-1A	42	2.50349371810555	0.890260489215429	9.11248822644283
0569-1B	33	1.87128382240813	0.683501664553287	3.15957427892496
0569-4A	33	2.18851753161625	0.823787015864949	5.67495071324364
0569-4B	34	2.20888970521651	0.81252086806878	5.33392698002713
0569-5A	43	2.14593918160637	0.824101151252546	5.68508553137689
0569-5B	33	2.25899540602404	0.851941270506426	6.75407659798539
0587-1A	32	1.83363630505231	0.710677767792665	3.45635381135652
0587-1B	22	0.72865267180699	0.25850822757438	1.34863263111974
0587-4	36	2.39230092968913	0.87296178656802	7.8716472231832
0587-5A	25	2.3401410758041	0.864659976428235	7.38879729446583
0587-5B	28	2.18104297870524	0.834908053748681	6.05723066876746
0596-1	21	1.35869521531415	0.570585650523717	2.32875310575813
0596-4	43	2.66730853633323	0.908733841671739	10.9569638770513
0596-5	41	2.5790649592374	0.884818784123988	8.68197120853855
0613-1	7	1.6348027960755	0.75235122494926	4.03797676687524
0613-4	40	2.32578417730788	0.86330168516796	7.31537913418092
0613-5	46	2.48537389330785	0.87281748804871	7.86271622298978
0631-1	52	2.17218266834998	0.78821037093268	4.72166651598477
0631-4	57	2.54453180094916	0.87727371149034	8.14821349316117
0631-5	34	2.2735374883429	0.843560270801815	6.39223811703964
0659-1	42	2.0188065589209	0.738717177661347	3.827270354206
0659-4	29	2.35634274935677	0.852373603388661	6.77385632213686
0659-5	38	2.13951856249966	0.81132039135759	5.29998979325436
0677-1	58	1.96528971678479	0.70234946419746	3.35964454861051
0677-4	34	1.99088802918857	0.7837197536744	4.62363076142675
0677-5	27	1.90699429465907	0.791629659911933	4.79914751579977
0695-1	10	1.80678968297776	0.798596635671965	4.96516035537149
0695-4	29	2.24756933581636	0.855650400460486	6.92762573079573
0695-5	23	2.27700105281325	0.856904499367406	6.98833992389149
0703-1	45	2.17122328991186	0.832574579827715	5.97280866293167
0703-4	47	2.54693813764624	0.868608840885222	7.61086215189286
0703-5	61	2.00066437770967	0.781142804589413	4.56918950333778
0721-1	40	2.04319043804655	0.786859768488846	4.69174680401746
0721-4	30	2.05550183683123	0.820440096778392	5.56917208161908
0749-1	11	1.66293489601696	0.74147861048976	3.86815188443195
0749-5	50	2.26386252610925	0.860127123343969	7.14934892244442
0767-1	50	1.44784667508377	0.588715835111771	2.43140895120958
0767-4	58	2.49712895178906	0.84937462033034	6.63898741495705
0767-5	38	2.30653283881745	0.868765271212537	7.61993421436119
0776-1	42	1.73724827148142	0.664143052192103	2.97745813069193
0776-4	26	2.22131619224463	0.8642820204542	7.36822050657286
0776-5	27	1.78944952170804	0.681198724421408	3.13675031000143
0785-1	52	2.25283492119521	0.836515146357025	6.11677459848263
0785-4	35	2.45838350959437	0.876459545314782	8.09451448554248
0785-5	33	2.18172851066568	0.79558172087766	4.89193042957534
